28.000000
26625.000000
26653.000000
26682.000000
26720.000000
26759.000000
26794.000000
26824.000000
26864.000000
26902.000000
26933.000000
26966.000000
27006.000000
27049.000000
27084.000000
27127.000000
27239.000000
27272.000000
27316.000000
27356.000000
27399.000000
27434.000000
27467.000000
27504.000000
27532.000000
27559.000000
27604.000000
27642.000000
27681.000000
27716.000000
27760.000000
32428.000000
32470.000000
32513.000000
32544.000000
32570.000000
32610.000000
32653.000000
32703.000000
32729.000000
32766.000000
32806.000000
32840.000000
32872.000000
32993.000000
33021.000000
33055.000000
33091.000000
33132.000000
33180.000000
33223.000000
33269.000000
33297.000000
33335.000000
33380.000000
33413.000000
33444.000000
33482.000000
33520.000000
33566.000000
33601.000000
33556.000000
33506.000000
33533.000000
33568.000000
33609.000000
33564.000000
33610.000000
33657.000000
33701.000000
33729.000000
33759.000000
33811.000000
33846.000000
33876.000000
33906.000000
33949.000000
33978.000000
34020.000000
33984.000000
34015.000000
34057.000000
34096.000000
34124.000000
34155.000000
34202.000000
34239.000000
34285.000000
34327.000000
34376.000000
34400.000000
34355.000000
34400.000000
34440.000000
34473.000000
34503.000000
34544.000000
34586.000000
34687.000000
34730.000000
34772.000000
34798.000000
34830.000000
34898.000000
34925.000000
34967.000000
35000.000000
34957.000000
34998.000000
35041.000000
35078.000000
35120.000000
35158.000000
35191.000000
35227.000000
35258.000000
35296.000000
35341.000000
35379.000000
35412.000000
35452.000000
35505.000000
35541.000000
35572.000000
35623.000000
35660.000000
35761.000000
35807.000000
35849.000000
35886.000000
35916.000000
35960.000000
36007.000000
36048.000000
36076.000000
36111.000000
36139.000000
36176.000000
36142.000000
36191.000000
36230.000000
36274.000000
36314.000000
36344.000000
36382.000000
36425.000000
36464.000000
36505.000000
36548.000000
36587.000000
36620.000000
36645.000000
36689.000000
36801.000000
36832.000000
36874.000000
36908.000000
36951.000000
37008.000000
37053.000000
37098.000000
37122.000000
37169.000000
37225.000000
37242.000000
37285.000000
37316.000000
37355.000000
37402.000000
37441.000000
37476.000000
37522.000000
37549.000000
37586.000000
37620.000000
37671.000000
37711.000000
37759.000000
37803.000000
37834.000000
37888.000000
38000.000000
38032.000000
38150.000000
38202.000000
38244.000000
38277.000000
38322.000000
38359.000000
38395.000000
38442.000000
38480.000000
38512.000000
38558.000000
38604.000000
38634.000000
38675.000000
38724.000000
38776.000000
38817.000000
38851.000000
38884.000000
38926.000000
38968.000000
38991.000000
39030.000000
39071.000000
39122.000000
39152.000000
39275.000000
39311.000000
39344.000000
39401.000000
39447.000000
39578.000000
39619.000000
39664.000000
39700.000000
39739.000000
39792.000000
39831.000000
39864.000000
39894.000000
39937.000000
39981.000000
40013.000000
40044.000000
40088.000000
40135.000000
40176.000000
40278.000000
40360.000000
40401.000000
40439.000000
40484.000000
40519.000000
40552.000000
40683.000000
40736.000000
40765.000000
40804.000000
40847.000000
40982.000000
41024.000000
41058.000000
41094.000000
41136.000000
41155.000000
41222.000000
41291.000000
41414.000000
41460.000000
41499.000000
41533.000000
41569.000000
41712.000000
41733.000000
41775.000000
41848.000000
41965.000000
42100.000000
42135.000000
42171.000000
42213.000000
42246.000000
42381.000000
42427.000000
42471.000000
42522.000000
42568.000000
42614.000000
42650.000000
42694.000000
42733.000000
42775.000000
42802.000000
42854.000000
42886.000000
42922.000000
42966.000000
43008.000000
43056.000000
43096.000000
43126.000000
43162.000000
43204.000000
43250.000000
43299.000000
43338.000000
43381.000000
43430.000000
43472.000000
43509.000000
43642.000000
43683.000000
43728.000000
43761.000000
43804.000000
43840.000000
43893.000000
43917.000000
43955.000000
44004.000000
44043.000000
44097.000000
44142.000000
44180.000000
44219.000000
44260.000000
44312.000000
44356.000000
44392.000000
44434.000000
44467.000000
44506.000000
44553.000000
44580.000000
44624.000000
44658.000000
44706.000000
44753.000000
44789.000000
44930.000000
44973.000000
45025.000000
45076.000000
45111.000000
45152.000000
45187.000000
45222.000000
45278.000000
45311.000000
45360.000000
45396.000000
45439.000000
45478.000000
45517.000000
45548.000000
45588.000000
45614.000000
45665.000000
45722.000000
45782.000000
45808.000000
45858.000000
45890.000000
45938.000000
45973.000000
46023.000000
46055.000000
46106.000000
46251.000000
46287.000000
46327.000000
46362.000000
46406.000000
46438.000000
46481.000000
46518.000000
46555.000000
46606.000000
46664.000000
46699.000000
46750.000000
46792.000000
46838.000000
46870.000000
46913.000000
46954.000000
46979.000000
47031.000000
47076.000000
47114.000000
47161.000000
47202.000000
47233.000000
47270.000000
47312.000000
47341.000000
47393.000000
47544.000000
47600.000000
47648.000000
47683.000000
47723.000000
47766.000000
47804.000000
47849.000000
47894.000000
47929.000000
47970.000000
48002.000000
48054.000000
48095.000000
48130.000000
48172.000000
48217.000000
48247.000000
48292.000000
48338.000000
48384.000000
48418.000000
48476.000000
48524.000000
48570.000000
48604.000000
48639.000000
48683.000000
48710.000000
48862.000000
48907.000000
48946.000000
48981.000000
49028.000000
49070.000000
49108.000000
49150.000000
49189.000000
49248.000000
49289.000000
49331.000000
49365.000000
49414.000000
49460.000000
49504.000000
49552.000000
49589.000000
49629.000000
49668.000000
49708.000000
49743.000000
49779.000000
49823.000000
49854.000000
49911.000000
49941.000000
49990.000000
50029.000000
50078.000000
50225.000000
50274.000000
50316.000000
50356.000000
50390.000000
50444.000000
50490.000000
50523.000000
50573.000000
50616.000000
50656.000000
50689.000000
50733.000000
50765.000000
50802.000000
50835.000000
50878.000000
50906.000000
50969.000000
51022.000000
51066.000000
51092.000000
51132.000000
51169.000000
51202.000000
51243.000000
51277.000000
51328.000000
51354.000000
51397.000000
51515.000000
51584.000000
51618.000000
51645.000000
51692.000000
51725.000000
51758.000000
51785.000000
51848.000000
51880.000000
51918.000000
51965.000000
52009.000000
52034.000000
52071.000000
52104.000000
52140.000000
52163.000000
52216.000000
52261.000000
52306.000000
52327.000000
52370.000000
52405.000000
52447.000000
52462.000000
52499.000000
52532.000000
52580.000000
52632.000000
52681.000000
52837.000000
52865.000000
52905.000000
52946.000000
52992.000000
53031.000000
53065.000000
53101.000000
53134.000000
53194.000000
53230.000000
53264.000000
53309.000000
53346.000000
53382.000000
53425.000000
53464.000000
53502.000000
53649.000000
53695.000000
53755.000000
53797.000000
53840.000000
53884.000000
53918.000000
53952.000000
53991.000000
54037.000000
54076.000000
54127.000000
54156.000000
54211.000000
54256.000000
54293.000000
54326.000000
54368.000000
54415.000000
54564.000000
54606.000000
54657.000000
54692.000000
54736.000000
54783.000000
54825.000000
54877.000000
54909.000000
54957.000000
54999.000000
55035.000000
55075.000000
55114.000000
55146.000000
55187.000000
55232.000000
55272.000000
55322.000000
55356.000000
55391.000000
55437.000000
55478.000000
55524.000000
55566.000000
55609.000000
55662.000000
55709.000000
55751.000000
55794.000000
55834.000000
55873.000000
56019.000000
56063.000000
56103.000000
56136.000000
56175.000000
56206.000000
56257.000000
56289.000000
56336.000000
56384.000000
56431.000000
56475.000000
56512.000000
56557.000000
56595.000000
56635.000000
56680.000000
56730.000000
56775.000000
56813.000000
56850.000000
56892.000000
56906.000000
56934.000000
56974.000000
57006.000000
57040.000000
57124.000000
57180.000000
57210.000000
57258.000000
57293.000000
57394.000000
57456.000000
57504.000000
57539.000000
57579.000000
57610.000000
57643.000000
57711.000000
57761.000000
57810.000000
57848.000000
57893.000000
57920.000000
57972.000000
58004.000000
58047.000000
58078.000000
58110.000000
58147.000000
58190.000000
58248.000000
58285.000000
58343.000000
58381.000000
58431.000000
58470.000000
58500.000000
58552.000000
58627.000000
58665.000000
58702.000000
58755.000000
58789.000000
58834.000000
58952.000000
58993.000000
59039.000000
59066.000000
59105.000000
59135.000000
59179.000000
59215.000000
59244.000000
59316.000000
59354.000000
59398.000000
59446.000000
59474.000000
59526.000000
56204.000000
56227.000000
56272.000000
56312.000000
56371.000000
56405.000000
56442.000000
56492.000000
56528.000000
56569.000000
56606.000000
56636.000000
56685.000000
56763.000000
56796.000000
56843.000000
56884.000000
56944.000000
56980.000000
57102.000000
57154.000000
57192.000000
57232.000000
57272.000000
57312.000000
57349.000000
57380.000000
57419.000000
57467.000000
57508.000000
57549.000000
57584.000000
57620.000000
57657.000000
57690.000000
57719.000000
57758.000000
57790.000000
57834.000000
57885.000000
57943.000000
57977.000000
58029.000000
58059.000000
58088.000000
58135.000000
58174.000000
58210.000000
58306.000000
58347.000000
58390.000000
58435.000000
58471.000000
58513.000000
58550.000000
58651.000000
58698.000000
58733.000000
58768.000000
58800.000000
58842.000000
58878.000000
58928.000000
58967.000000
59023.000000
59061.000000
59109.000000
59152.000000
59185.000000
59221.000000
59262.000000
59308.000000
59345.000000
59399.000000
59431.000000
59480.000000
59530.000000
59561.000000
59600.000000
59632.000000
59662.000000
59697.000000
59737.000000
59789.000000
59825.000000
59891.000000
59932.000000
59986.000000
60031.000000
60069.000000
60108.000000
60246.000000
60285.000000
60324.000000
60354.000000
60394.000000
60437.000000
60474.000000
60503.000000
60549.000000
60591.000000
60627.000000
60666.000000
60703.000000
60748.000000
60781.000000
60811.000000
60837.000000
60871.000000
60910.000000
60947.000000
61000.000000
61057.000000
61097.000000
61134.000000
61169.000000
61212.000000
61248.000000
61283.000000
61325.000000
61358.000000
61397.000000
61478.000000
61506.000000
61565.000000
61601.000000
61638.000000
61673.000000
61712.000000
61853.000000
61899.000000
61928.000000
61965.000000
61987.000000
62024.000000
62077.000000
62117.000000
62149.000000
62204.000000
62242.000000
62279.000000
62330.000000
62362.000000
62400.000000
62436.000000
62465.000000
62491.000000
62546.000000
62579.000000
62614.000000
62554.000000
62594.000000
62631.000000
62670.000000
62707.000000
62729.000000
62766.000000
62803.000000
62842.000000
62868.000000
62907.000000
63089.000000
63148.000000
63185.000000
63223.000000
63259.000000
63300.000000
63338.000000
63376.000000
63416.000000
63450.000000
63489.000000
63512.000000
63539.000000
63587.000000
63632.000000
63668.000000
63711.000000
63749.000000
63775.000000
63814.000000
63845.000000
63875.000000
63914.000000
63940.000000
63973.000000
64014.000000
64067.000000
64119.000000
64154.000000
64194.000000
64233.000000
64264.000000
64302.000000
64331.000000
64373.000000
64403.000000
64452.000000
64485.000000
64514.000000
38305.000000
37685.000000
37641.000000
37353.000000
37257.000000
37171.000000
37048.000000
36967.000000
36819.000000
36763.000000
36779.000000
36724.000000
36642.000000
36610.000000
36493.000000
36470.000000
36462.000000
36442.000000
36428.000000
36389.000000
36369.000000
36311.000000
36293.000000
36187.000000
36161.000000
36169.000000
36156.000000
36161.000000
36152.000000
36156.000000
36147.000000
36130.000000
36089.000000
36076.000000
36077.000000
35987.000000
35989.000000
35989.000000
35989.000000
35999.000000
36012.000000
36018.000000
36047.000000
36074.000000
36126.000000
36303.000000
36347.000000
36387.000000
36430.000000
36436.000000
36469.000000
36512.000000
36529.000000
36565.000000
36516.000000
36558.000000
36600.000000
36619.000000
36647.000000
36699.000000
36880.000000
37054.000000
37078.000000
37091.000000
37111.000000
37126.000000
37291.000000
37282.000000
37315.000000
37323.000000
37326.000000
37354.000000
37373.000000
37394.000000
37416.000000
37428.000000
37433.000000
37452.000000
37467.000000
37483.000000
37504.000000
37514.000000
37531.000000
37556.000000
37546.000000
37562.000000
37542.000000
37555.000000
37588.000000
37592.000000
37596.000000
37509.000000
37519.000000
37526.000000
37543.000000
37560.000000
37566.000000
37566.000000
37575.000000
37583.000000
37591.000000
37602.000000
37616.000000
37635.000000
37606.000000
37610.000000
37629.000000
37643.000000
37640.000000
37648.000000
37670.000000
37683.000000
37702.000000
37714.000000
37715.000000
37751.000000
37765.000000
37773.000000
37778.000000
37791.000000
37794.000000
37797.000000
37769.000000
37778.000000
37802.000000
37803.000000
37805.000000
37958.000000
37967.000000
37955.000000
37962.000000
37964.000000
37977.000000
37994.000000
38020.000000
38020.000000
37929.000000
37863.000000
37865.000000
37876.000000
37888.000000
37837.000000
37854.000000
37866.000000
37877.000000
37890.000000
37900.000000
37906.000000
37906.000000
37918.000000
37918.000000
37931.000000
37931.000000
37936.000000
37939.000000
37942.000000
37961.000000
37971.000000
37960.000000
37990.000000
38003.000000
38005.000000
38006.000000
38013.000000
38010.000000
38026.000000
38032.000000
38033.000000
38062.000000
38083.000000
38097.000000
38114.000000
38119.000000
38123.000000
38128.000000
38135.000000
38135.000000
38140.000000
38107.000000
38114.000000
38106.000000
38121.000000
38125.000000
38127.000000
38154.000000
38042.000000
38049.000000
38046.000000
38048.000000
38056.000000
38055.000000
38062.000000
38061.000000
38067.000000
38064.000000
38070.000000
38022.000000
38032.000000
38034.000000
38052.000000
38050.000000
38045.000000
38068.000000
38081.000000
38069.000000
38088.000000
38094.000000
38089.000000
38094.000000
38081.000000
38070.000000
38065.000000
38046.000000
38020.000000
37950.000000
37453.000000
37180.000000
36984.000000
36808.000000
36541.000000
36404.000000
36275.000000
36158.000000
35944.000000
35722.000000
35428.000000
35092.000000
34616.000000
34423.000000
34115.000000
33877.000000
33703.000000
33536.000000
33437.000000
33406.000000
33393.000000
33356.000000
33302.000000
33297.000000
33268.000000
33258.000000
33252.000000
33230.000000
33204.000000
33184.000000
33160.000000
33142.000000
33130.000000
33122.000000
33097.000000
33087.000000
33006.000000
32993.000000
32982.000000
32975.000000
32954.000000
32934.000000
32930.000000
32903.000000
32882.000000
32866.000000
32859.000000
32828.000000
32806.000000
32786.000000
32786.000000
32798.000000
32779.000000
32776.000000
32704.000000
32713.000000
32688.000000
32666.000000
32669.000000
32653.000000
32780.000000
32769.000000
32772.000000
32758.000000
32741.000000
32763.000000
32751.000000
32744.000000
32758.000000
32738.000000
32722.000000
32741.000000
32728.000000
32655.000000
32653.000000
32634.000000
32611.000000
32623.000000
32602.000000
32608.000000
32587.000000
32566.000000
32579.000000
32574.000000
32588.000000
32568.000000
32552.000000
32529.000000
32458.000000
32460.000000
32450.000000
32372.000000
32449.000000
32442.000000
32441.000000
32429.000000
32439.000000
32418.000000
32422.000000
32410.000000
32401.000000
32404.000000
32393.000000
32397.000000
32367.000000
32320.000000
32300.000000
32325.000000
32318.000000
32338.000000
32269.000000
32280.000000
32262.000000
32259.000000
32236.000000
32226.000000
32215.000000
32206.000000
32218.000000
32206.000000
32223.000000
32208.000000
32210.000000
32200.000000
32204.000000
32211.000000
32204.000000
32208.000000
32149.000000
32148.000000
32125.000000
32128.000000
32112.000000
32124.000000
32114.000000
32131.000000
32117.000000
32124.000000
32109.000000
32121.000000
32104.000000
32102.000000
32091.000000
32079.000000
32084.000000
32064.000000
32024.000000
32001.000000
31996.000000
31992.000000
31995.000000
31984.000000
31978.000000
31989.000000
31982.000000
31992.000000
31952.000000
31955.000000
31926.000000
31934.000000
31895.000000
31910.000000
31921.000000
31892.000000
31897.000000
31836.000000
31846.000000
31813.000000
31823.000000
31834.000000
31811.000000
31811.000000
31788.000000
31806.000000
31817.000000
31784.000000
31801.000000
31787.000000
31802.000000
31799.000000
31780.000000
31789.000000
31763.000000
31722.000000
31715.000000
31714.000000
31716.000000
31695.000000
31706.000000
31692.000000
31674.000000
31687.000000
31678.000000
31700.000000
31704.000000
31684.000000
31698.000000
31680.000000
31682.000000
31700.000000
31690.000000
31637.000000
31614.000000
31617.000000
31626.000000
31591.000000
31584.000000
31594.000000
31573.000000
31706.000000
31689.000000
31708.000000
31724.000000
31690.000000
31692.000000
31708.000000
31690.000000
31672.000000
31664.000000
31676.000000
31626.000000
31595.000000
31592.000000
31597.000000
31560.000000
31578.000000
31581.000000
31562.000000
31567.000000
31552.000000
31556.000000
31568.000000
31557.000000
31569.000000
31579.000000
31560.000000
31570.000000
31570.000000
31497.000000
31515.000000
31523.000000
31579.000000
31582.000000
31577.000000
31567.000000
31577.000000
31560.000000
31573.000000
31592.000000
31567.000000
31572.000000
31576.000000
31515.000000
31487.000000
31503.000000
31482.000000
31504.000000
31456.000000
31447.000000
31456.000000
31457.000000
31430.000000
31430.000000
31437.000000
31412.000000
31420.000000
31434.000000
31396.000000
31415.000000
31419.000000
31393.000000
31394.000000
31397.000000
31381.000000
31392.000000
31354.000000
31336.000000
31352.000000
31374.000000
31361.000000
31360.000000
31364.000000
31340.000000
31356.000000
31364.000000
31346.000000
31352.000000
31353.000000
31365.000000
31335.000000
31349.000000
31359.000000
31335.000000
31287.000000
31299.000000
31281.000000
31292.000000
31296.000000
31282.000000
31300.000000
31295.000000
31284.000000
31292.000000
31300.000000
31285.000000
31291.000000
31302.000000
31305.000000
31276.000000
31275.000000
31280.000000
31272.000000
31222.000000
31230.000000
31221.000000
31230.000000
31232.000000
31231.000000
31216.000000
31227.000000
31240.000000
31217.000000
31227.000000
31233.000000
31213.000000
31220.000000
31230.000000
31232.000000
31214.000000
31224.000000
31178.000000
31155.000000
31152.000000
31164.000000
31142.000000
31143.000000
31141.000000
31160.000000
31143.000000
31145.000000
31153.000000
31135.000000
31149.000000
31152.000000
31158.000000
31145.000000
31151.000000
31156.000000
31086.000000
31091.000000
31086.000000
31058.000000
31065.000000
31074.000000
31079.000000
31066.000000
31070.000000
31082.000000
31066.000000
31071.000000
31072.000000
31076.000000
31056.000000
31062.000000
31074.000000
31078.000000
31004.000000
31015.000000
31023.000000
30991.000000
30998.000000
31009.000000
31029.000000
31040.000000
31014.000000
31018.000000
31024.000000
31038.000000
30983.000000
30995.000000
30966.000000
30975.000000
30983.000000
30989.000000
30991.000000
31000.000000
31003.000000
30931.000000
30940.000000
30950.000000
30958.000000
30963.000000
30974.000000
30946.000000
30955.000000
30964.000000
30946.000000
30915.000000
30916.000000
30918.000000
30915.000000
30882.000000
30905.000000
30918.000000
30923.000000
30892.000000
30864.000000
30876.000000
30884.000000
30852.000000
30856.000000
30869.000000
30877.000000
30845.000000
30867.000000
30878.000000
30886.000000
30806.000000
30762.000000
30779.000000
30738.000000
30746.000000
30750.000000
30766.000000
30598.000000
30596.000000
30603.000000
30608.000000
30454.000000
30464.000000
30470.000000
30473.000000
30281.000000
30284.000000
30295.000000
30298.000000
30129.000000
30144.000000
30156.000000
30175.000000
30016.000000
30022.000000
30031.000000
30038.000000
29875.000000
29880.000000
29885.000000
29894.000000
29731.000000
29710.000000
29723.000000
29740.000000
29581.000000
29580.000000
29586.000000
29563.000000
29428.000000
29437.000000
29440.000000
29273.000000
29281.000000
29285.000000
29284.000000
29130.000000
29135.000000
29271.000000
29286.000000
29113.000000
29118.000000
29118.000000
29119.000000
28966.000000
28967.000000
28977.000000
28986.000000
28822.000000
28828.000000
28834.000000
28849.000000
28693.000000
28694.000000
28698.000000
28698.000000
28546.000000
28546.000000
24306.000000
24286.000000
24129.000000
24129.000000
24126.000000
24133.000000
23985.000000
23995.000000
23998.000000
23850.000000
23854.000000
23858.000000
23868.000000
23722.000000
23725.000000
23730.000000
23738.000000
23585.000000
23588.000000
23572.000000
23571.000000
23414.000000
23424.000000
23422.000000
23426.000000
23280.000000
23285.000000
23282.000000
23291.000000
23138.000000
23147.000000
23146.000000
23156.000000
23004.000000
23013.000000
23025.000000
23020.000000
22869.000000
22851.000000
22860.000000
22862.000000
22710.000000
22717.000000
22721.000000
22575.000000
22579.000000
22580.000000
22576.000000
22430.000000
22442.000000
22441.000000
22453.000000
22324.000000
22324.000000
22323.000000
22330.000000
22159.000000
22165.000000
22167.000000
22164.000000
22013.000000
22008.000000
22015.000000
21999.000000
21819.000000
21826.000000
21826.000000
21832.000000
21687.000000
21691.000000
21696.000000
21694.000000
21550.000000
21545.000000
21512.000000
21512.000000
21368.000000
21374.000000
21375.000000
21351.000000
21246.000000
21242.000000
21251.000000
21123.000000
21115.000000
21111.000000
21093.000000
20957.000000
20958.000000
20957.000000
20961.000000
20816.000000
20820.000000
20792.000000
20785.000000
20646.000000
20645.000000
20627.000000
20616.000000
20484.000000
20487.000000
20499.000000
20500.000000
20362.000000
20372.000000
20375.000000
20376.000000
20238.000000
20235.000000
20249.000000
20251.000000
20080.000000
20084.000000
20090.000000
20073.000000
19889.000000
19886.000000
19887.000000
19749.000000
19747.000000
19750.000000
19752.000000
19623.000000
19619.000000
19622.000000
19625.000000
19494.000000
19496.000000
19503.000000
19497.000000
19343.000000
19339.000000
19341.000000
19345.000000
19232.000000
19232.000000
19229.000000
19230.000000
19104.000000
19105.000000
19108.000000
19115.000000
18988.000000
18984.000000
18984.000000
19099.000000
18977.000000
18988.000000
18960.000000
18967.000000
18856.000000
18850.000000
18848.000000
18721.000000
18718.000000
18720.000000
18727.000000
18610.000000
18615.000000
18614.000000
18614.000000
18500.000000
18501.000000
18492.000000
18492.000000
18364.000000
18338.000000
18333.000000
18337.000000
18224.000000
18238.000000
18243.000000
18254.000000
18133.000000
18130.000000
18129.000000
18132.000000
18023.000000
18020.000000
18024.000000
18028.000000
17914.000000
17907.000000
17911.000000
17913.000000
17770.000000
17782.000000
17785.000000
17748.000000
17670.000000
17668.000000
17665.000000
17558.000000
17561.000000
17557.000000
17560.000000
17456.000000
17452.000000
17458.000000
17457.000000
17361.000000
17357.000000
17356.000000
17330.000000
17216.000000
17212.000000
17208.000000
17208.000000
17120.000000
17113.000000
17118.000000
17119.000000
17020.000000
17020.000000
17022.000000
17026.000000
16915.000000
16913.000000
16912.000000
16919.000000
16821.000000
16797.000000
16806.000000
16810.000000
16720.000000
16713.000000
16714.000000
16616.000000
16598.000000
16580.000000
16586.000000
16486.000000
16492.000000
16492.000000
16489.000000
16398.000000
16397.000000
16392.000000
16397.000000
16317.000000
16296.000000
16301.000000
16305.000000
16219.000000
16211.000000
16208.000000
16214.000000
16126.000000
16130.000000
16140.000000
16135.000000
16010.000000
16012.000000
16009.000000
16014.000000
15941.000000
15943.000000
15941.000000
15916.000000
15840.000000
15843.000000
15851.000000
15763.000000
15749.000000
15759.000000
15762.000000
15685.000000
15681.000000
15678.000000
15678.000000
15598.000000
15590.000000
15588.000000
15593.000000
15507.000000
15508.000000
15509.000000
15483.000000
15411.000000
15414.000000
15406.000000
15405.000000
15336.000000
15342.000000
15348.000000
15344.000000
15273.000000
15274.000000
15274.000000
15266.000000
15204.000000
15208.000000
15204.000000
15207.000000
15148.000000
15118.000000
15119.000000
15099.000000
15062.000000
15063.000000
15064.000000
15009.000000
15011.000000
15012.000000
15017.000000
14954.000000
14950.000000
14956.000000
14955.000000
14900.000000
15020.000000
15020.000000
15021.000000
14934.000000
14921.000000
14920.000000
14902.000000
14851.000000
14833.000000
14826.000000
14804.000000
14737.000000
14718.000000
14705.000000
14689.000000
14627.000000
14617.000000
14601.000000
14590.000000
14520.000000
14506.000000
14494.000000
14427.000000
14373.000000
14345.000000
14320.000000
14264.000000
14244.000000
14222.000000
14206.000000
14149.000000
14134.000000
14117.000000
14100.000000
14044.000000
14034.000000
14019.000000
14014.000000
13964.000000
13952.000000
13909.000000
13896.000000
13843.000000
13830.000000
13822.000000
13812.000000
13777.000000
13761.000000
13762.000000
13752.000000
13712.000000
13700.000000
13680.000000
13664.000000
13638.000000
13632.000000
13632.000000
13625.000000
13566.000000
13554.000000
13549.000000
13516.000000
13504.000000
13495.000000
13491.000000
13466.000000
13450.000000
13435.000000
13428.000000
13407.000000
13402.000000
13405.000000
13394.000000
13374.000000
13364.000000
13360.000000
13350.000000
13297.000000
13289.000000
13278.000000
13273.000000
13260.000000
13254.000000
13222.000000
13195.000000
13186.000000
13174.000000
13171.000000
13167.000000
13162.000000
13160.000000
13156.000000
13151.000000
13142.000000
13128.000000
13106.000000
13153.000000
13169.000000
13183.000000
13185.000000
13173.000000
13169.000000
13163.000000
13159.000000
13153.000000
13124.000000
13099.000000
13088.000000
13085.000000
13085.000000
13089.000000
13088.000000
13085.000000
13078.000000
13047.000000
13043.000000
13041.000000
13035.000000
13020.000000
13005.000000
13003.000000
12999.000000
12995.000000
12995.000000
12997.000000
12998.000000
12993.000000
12992.000000
12982.000000
12983.000000
12981.000000
12980.000000
12943.000000
12944.000000
12943.000000
12947.000000
12937.000000
12940.000000
12937.000000
12938.000000
12941.000000
12937.000000
12937.000000
12928.000000
12932.000000
12945.000000
12947.000000
12942.000000
12945.000000
12946.000000
12915.000000
12912.000000
12914.000000
12907.000000
12902.000000
12902.000000
12901.000000
12902.000000
12899.000000
12897.000000
12894.000000
12894.000000
12897.000000
12889.000000
12887.000000
12903.000000
13013.000000
13012.000000
13010.000000
12982.000000
12989.000000
12986.000000
12990.000000
12993.000000
12998.000000
12998.000000
12994.000000
12989.000000
12991.000000
12993.000000
12991.000000
12992.000000
12992.000000
12997.000000
12999.000000
12996.000000
12994.000000
12962.000000
12966.000000
12974.000000
11621.000000
11620.000000
11622.000000
11632.000000
11637.000000
11632.000000
11628.000000
11632.000000
11628.000000
11623.000000
11623.000000
11631.000000
11626.000000
11626.000000
11626.000000
11606.000000
11611.000000
11616.000000
11612.000000
11612.000000
11614.000000
11609.000000
11611.000000
11614.000000
11612.000000
11603.000000
11603.000000
11600.000000
11599.000000
11603.000000
11603.000000
11579.000000
11578.000000
11575.000000
11573.000000
11571.000000
11566.000000
11566.000000
11569.000000
11564.000000
11562.000000
11562.000000
11564.000000
11563.000000
11532.000000
11532.000000
11535.000000
11539.000000
11535.000000
11534.000000
11434.000000
11433.000000
11430.000000
11434.000000
11407.000000
11410.000000
11411.000000
11408.000000
11412.000000
11391.000000
11394.000000
11402.000000
11404.000000
11373.000000
11371.000000
11377.000000
11390.000000
11384.000000
11389.000000
11386.000000
11383.000000
11358.000000
11350.000000
11358.000000
11362.000000
11373.000000
11379.000000
11368.000000
11350.000000
11357.000000
11359.000000
11329.000000
11324.000000
11290.000000
11283.000000
11289.000000
11296.000000
11272.000000
11281.000000
11290.000000
11294.000000
11266.000000
11266.000000
11282.000000
11277.000000
11250.000000
11254.000000
11259.000000
11255.000000
11219.000000
11224.000000
11225.000000
11224.000000
11192.000000
11193.000000
11194.000000
11192.000000
11164.000000
11162.000000
11152.000000
11089.000000
11070.000000
11072.000000
11073.000000
11049.000000
11054.000000
11059.000000
11060.000000
11025.000000
11029.000000
11033.000000
11039.000000
11007.000000
11009.000000
11021.000000
11027.000000
11066.000000
11069.000000
11076.000000
11078.000000
11050.000000
11056.000000
11056.000000
11064.000000
11027.000000
11032.000000
11030.000000
11034.000000
11005.000000
11008.000000
11028.000000
11141.000000
11116.000000
11118.000000
11126.000000
11107.000000
11107.000000
11110.000000
11118.000000
11089.000000
11092.000000
11099.000000
11098.000000
11077.000000
11077.000000
11080.000000
11081.000000
11057.000000
11069.000000
11068.000000
11074.000000
11046.000000
11048.000000
11054.000000
11061.000000
11031.000000
11032.000000
11043.000000
11047.000000
11026.000000
11032.000000
11040.000000
11049.000000
11024.000000
11040.000000
11042.000000
11047.000000
11020.000000
11022.000000
11020.000000
11024.000000
10997.000000
11009.000000
11020.000000
10992.000000
11003.000000
11012.000000
11017.000000
10993.000000
11000.000000
10993.000000
11000.000000
10981.000000
10997.000000
11011.000000
11023.000000
10995.000000
11006.000000
11018.000000
11028.000000
10987.000000
10995.000000
11010.000000
11016.000000
11003.000000
11021.000000
11040.000000
11050.000000
11044.000000
11050.000000
11076.000000
11088.000000
11082.000000
11102.000000
11118.000000
11038.000000
11019.000000
11039.000000
11050.000000
11036.000000
11052.000000
11069.000000
11080.000000
11031.000000
11039.000000
11041.000000
11033.000000
10991.000000
10980.000000
10956.000000
10931.000000
10887.000000
10870.000000
10858.000000
10845.000000
10791.000000
10774.000000
10760.000000
10744.000000
10694.000000
10689.000000
10682.000000
10672.000000
10630.000000
10619.000000
10605.000000
10578.000000
10536.000000
10564.000000
10563.000000
10558.000000
10512.000000
10510.000000
10509.000000
10493.000000
10459.000000
10450.000000
10444.000000
10405.000000
10404.000000
10392.000000
10391.000000
10447.000000
10543.000000
10636.000000
10631.000000
10598.000000
10596.000000
10587.000000
10584.000000
10536.000000
10523.000000
10517.000000
10498.000000
10454.000000
10444.000000
10442.000000
10433.000000
10393.000000
10389.000000
10376.000000
10362.000000
10312.000000
10302.000000
10288.000000
10283.000000
10234.000000
10218.000000
10204.000000
10184.000000
10148.000000
10185.000000
10192.000000
10155.000000
10148.000000
10139.000000
10127.000000
10088.000000
10077.000000
10071.000000
10063.000000
10026.000000
10016.000000
10009.000000
10001.000000
9974.000000
9973.000000
9976.000000
9967.000000
9932.000000
9930.000000
9932.000000
9921.000000
9876.000000
9871.000000
9864.000000
9854.000000
9816.000000
9815.000000
9808.000000
9808.000000
9766.000000
9748.000000
9742.000000
9740.000000
9699.000000
9695.000000
9684.000000
9647.000000
9642.000000
9644.000000
9640.000000
9596.000000
9592.000000
9587.000000
9585.000000
9540.000000
9526.000000
9523.000000
9517.000000
9484.000000
9480.000000
9485.000000
9479.000000
9438.000000
9428.000000
9422.000000
9409.000000
9362.000000
9355.000000
9354.000000
9349.000000
9310.000000
9304.000000
9294.000000
9284.000000
9235.000000
9231.000000
9222.000000
9208.000000
9167.000000
9160.000000
9154.000000
9137.000000
9112.000000
9108.000000
9102.000000
9064.000000
9062.000000
9060.000000
9046.000000
9002.000000
8991.000000
8984.000000
8970.000000
8927.000000
8914.000000
8912.000000
8906.000000
8792.000000
8760.000000
8754.000000
8742.000000
8704.000000
8692.000000
8684.000000
8676.000000
8635.000000
8618.000000
8589.000000
8574.000000
8531.000000
8526.000000
8524.000000
8518.000000
8480.000000
8476.000000
8461.000000
8451.000000
8411.000000
8402.000000
8395.000000
8353.000000
8340.000000
8328.000000
8310.000000
8260.000000
8242.000000
8230.000000
8215.000000
8163.000000
8148.000000
6884.000000
6836.000000
6792.000000
6789.000000
6782.000000
6780.000000
6730.000000
6722.000000
6718.000000
6708.000000
6663.000000
6660.000000
6658.000000
6653.000000
6618.000000
6620.000000
6621.000000
6585.000000
6549.000000
6552.000000
6552.000000
6550.000000
6516.000000
6514.000000
6512.000000
6472.000000
6468.000000
6467.000000
6453.000000
6400.000000
6395.000000
6391.000000
6391.000000
6352.000000
6349.000000
6352.000000
6352.000000
6315.000000
6311.000000
6316.000000
6314.000000
6278.000000
6280.000000
6281.000000
6277.000000
6242.000000
6245.000000
6245.000000
6242.000000
6194.000000
6190.000000
6180.000000
6175.000000
6133.000000
6129.000000
6128.000000
6124.000000
6083.000000
6105.000000
6112.000000
6092.000000
6071.000000
6074.000000
6072.000000
6034.000000
6032.000000
6040.000000
6039.000000
5998.000000
5998.000000
6000.000000
5997.000000
5952.000000
5952.000000
5953.000000
5939.000000
5896.000000
5887.000000
5883.000000
5880.000000
5831.000000
5832.000000
5832.000000
5834.000000
5794.000000
5797.000000
5797.000000
5795.000000
5754.000000
5758.000000
5754.000000
5754.000000
5718.000000
5723.000000
5727.000000
5714.000000
5677.000000
5682.000000
5680.000000
5639.000000
5640.000000
5646.000000
5648.000000
5602.000000
5602.000000
5608.000000
5604.000000
5555.000000
5541.000000
5542.000000
5537.000000
5486.000000
5486.000000
5484.000000
5486.000000
5444.000000
5436.000000
5428.000000
5426.000000
5380.000000
5374.000000
5377.000000
5376.000000
5336.000000
5330.000000
5326.000000
5326.000000
5280.000000
5276.000000
5272.000000
5272.000000
5231.000000
5224.000000
5200.000000
5159.000000
5157.000000
5156.000000
5148.000000
5104.000000
5099.000000
5099.000000
5098.000000
5059.000000
5056.000000
5050.000000
5046.000000
5002.000000
4992.000000
4979.000000
4970.000000
4916.000000
4906.000000
4898.000000
4892.000000
4850.000000
4839.000000
4836.000000
4834.000000
4790.000000
4782.000000
4774.000000
4773.000000
4728.000000
4723.000000
4718.000000
4713.000000
4670.000000
4671.000000
4669.000000
4627.000000
4618.000000
4640.000000
4636.000000
4592.000000
4593.000000
4587.000000
4579.000000
4536.000000
4532.000000
4532.000000
4522.000000
4476.000000
4473.000000
4470.000000
4464.000000
4418.000000
4414.000000
4412.000000
4412.000000
4365.000000
4357.000000
4350.000000
4348.000000
4299.000000
4284.000000
4283.000000
4274.000000
4233.000000
4232.000000
4230.000000
4224.000000
4176.000000
4168.000000
4164.000000
4156.000000
4118.000000
4114.000000
4112.000000
4066.000000
4061.000000
4060.000000
4056.000000
4006.000000
4004.000000
3998.000000
3992.000000
3942.000000
3940.000000
3936.000000
3932.000000
3878.000000
3869.000000
3864.000000
3871.000000
3823.000000
3818.000000
3816.000000
3813.000000
3766.000000
3764.000000
3762.000000
3764.000000
3722.000000
3718.000000
3715.000000
3708.000000
3670.000000
3666.000000
3662.000000
3658.000000
3622.000000
3622.000000
3618.000000
3584.000000
3582.000000
3573.000000
3570.000000
3533.000000
3534.000000
3532.000000
3532.000000
3506.000000
3506.000000
3504.000000
3504.000000
3476.000000
3472.000000
3470.000000
3468.000000
3446.000000
3446.000000
3442.000000
3440.000000
3418.000000
3416.000000
3414.000000
3410.000000
3392.000000
3392.000000
3387.000000
3384.000000
3370.000000
3370.000000
3364.000000
3360.000000
3360.000000
3360.000000
3362.000000
3363.000000
3363.000000
3364.000000
3364.000000
3364.000000
3364.000000
3364.000000
3366.000000
3366.000000
3368.000000
3368.000000
3368.000000
3368.000000
3368.000000
3369.000000
3370.000000
3370.000000
3370.000000
3370.000000
3370.000000
3350.000000
3349.000000
3344.000000
3344.000000
3344.000000
3344.000000
3344.000000
3352.000000
3361.000000
3368.000000
3374.000000
3380.000000
3384.000000
3384.000000
3386.000000
3388.000000
3390.000000
3390.000000
3392.000000
3391.000000
3390.000000
3390.000000
3390.000000
3390.000000
3390.000000
3392.000000
3392.000000
3394.000000
3394.000000
3392.000000
3386.000000
3386.000000
3386.000000
3396.000000
3411.000000
3414.000000
3417.000000
3418.000000
3442.000000
3442.000000
3445.000000
3444.000000
3446.000000
3446.000000
3448.000000
3448.000000
3450.000000
3450.000000
3450.000000
3450.000000
3450.000000
3452.000000
3454.000000
3454.000000
3456.000000
3458.000000
3457.000000
3454.000000
3454.000000
3456.000000
3456.000000
3459.000000
3463.000000
3466.000000
3468.000000
3470.000000
3471.000000
3474.000000
3474.000000
3472.000000
3474.000000
3474.000000
3474.000000
3478.000000
3478.000000
3478.000000
3478.000000
3480.000000
3480.000000
3484.000000
3490.000000
3498.000000
3504.000000
3509.000000
3515.000000
3514.000000
3514.000000
3514.000000
3516.000000
3518.000000
3540.000000
3547.000000
3550.000000
3550.000000
3554.000000
3554.000000
3554.000000
3556.000000
3558.000000
3562.000000
3562.000000
3565.000000
3566.000000
3567.000000
3572.000000
3572.000000
3574.000000
3576.000000
3576.000000
3578.000000
3578.000000
3577.000000
3574.000000
3576.000000
3574.000000
3578.000000
3580.000000
3582.000000
3585.000000
3590.000000
3595.000000
3602.000000
3608.000000
3616.000000
3622.000000
3631.000000
3630.000000
3630.000000
3632.000000
3632.000000
3634.000000
3634.000000
3634.000000
3638.000000
3640.000000
3640.000000
3644.000000
3644.000000
3647.000000
3646.000000
3648.000000
3648.000000
3650.000000
3652.000000
3652.000000
3658.000000
3664.000000
3666.000000
3668.000000
3672.000000
3672.000000
3678.000000
3688.000000
3696.000000
3706.000000
3714.000000
3724.000000
3732.000000
3736.000000
3736.000000
3738.000000
3738.000000
3738.000000
3738.000000
3740.000000
3718.000000
3717.000000
3710.000000
3712.000000
3710.000000
3714.000000
3716.000000
3724.000000
3729.000000
3734.000000
3734.000000
3738.000000
3742.000000
3752.000000
3761.000000
3770.000000
3779.000000
3790.000000
3802.000000
3806.000000
3812.000000
3816.000000
3832.000000
3840.000000
3842.000000
3844.000000
3845.000000
3848.000000
3849.000000
3850.000000
3847.000000
3848.000000
3850.000000
3854.000000
3854.000000
3865.000000
3875.000000
3883.000000
3916.000000
3924.000000
3932.000000
3938.000000
3944.000000
3948.000000
3954.000000
3960.000000
3964.000000
3966.000000
3967.000000
3968.000000
3970.000000
3970.000000
3972.000000
3976.000000
3978.000000
3986.000000
3996.000000
3998.000000
4008.000000
4018.000000
4028.000000
4036.000000
4043.000000
4045.000000
4051.000000
4056.000000
4060.000000
4062.000000
4064.000000
4064.000000
4062.000000
4064.000000
4070.000000
4076.000000
4088.000000
4098.000000
4108.000000
4118.000000
4128.000000
4132.000000
4137.000000
4144.000000
4148.000000
4155.000000
4155.000000
4162.000000
4162.000000
4164.000000
4162.000000
4176.000000
4206.000000
4212.000000
4220.000000
4232.000000
4240.000000
4246.000000
4248.000000
4252.000000
4262.000000
4268.000000
4275.000000
4284.000000
4292.000000
4296.000000
4303.000000
4312.000000
4320.000000
4328.000000
4336.000000
4348.000000
4348.000000
4352.000000
4354.000000
4360.000000
4366.000000
4372.000000
4379.000000
4397.000000
4408.000000
4418.000000
4421.000000
4430.000000
4438.000000
4444.000000
4448.000000
4454.000000
4460.000000
4469.000000
4478.000000
4488.000000
4500.000000
4510.000000
4522.000000
4532.000000
4540.000000
4548.000000
4550.000000
4550.000000
4552.000000
4553.000000
4556.000000
4566.000000
4580.000000
4595.000000
4612.000000
4626.000000
4638.000000
4644.000000
4646.000000
4646.000000
4646.000000
4650.000000
4662.000000
4680.000000
4696.000000
4715.000000
4732.000000
4742.000000
4746.000000
4748.000000
4750.000000
4748.000000
4754.000000
4766.000000
4780.000000
4774.000000
4787.000000
4800.000000
4804.000000
4808.000000
4814.000000
4821.000000
4832.000000
4844.000000
4858.000000
4872.000000
4890.000000
4904.000000
4912.000000
4916.000000
4924.000000
4936.000000
4944.000000
4949.000000
4961.000000
4982.000000
5001.000000
5017.000000
5028.000000
5038.000000
5048.000000
5058.000000
5064.000000
5068.000000
5080.000000
5096.000000
5114.000000
5124.000000
5132.000000
5148.000000
5157.000000
5164.000000
5180.000000
5234.000000
5258.000000
5267.000000
5280.000000
5288.000000
5298.000000
5306.000000
5320.000000
5353.000000
5364.000000
5380.000000
5390.000000
5402.000000
5410.000000
5422.000000
5459.000000
5486.000000
5496.000000
5506.000000
5515.000000
5522.000000
5532.000000
5570.000000
5541.000000
5540.000000
5556.000000
5576.000000
5586.000000
5636.000000
5654.000000
5672.000000
5684.000000
5700.000000
5718.000000
5767.000000
5778.000000
5796.000000
5814.000000
5833.000000
5880.000000
5906.000000
5929.000000
5956.000000
5990.000000
6040.000000
6072.000000
6110.000000
6144.000000
6190.000000
6222.000000
6248.000000
6286.000000
6330.000000
6350.000000
6370.000000
6392.000000
6418.000000
6438.000000
6456.000000
6480.000000
6506.000000
6536.000000
6572.000000
6606.000000
6650.000000
6699.000000
6764.000000
6824.000000
6876.000000
6918.000000
6946.000000
6968.000000
6966.000000
6960.000000
6955.000000
6950.000000
6950.000000
6950.000000
6950.000000
6952.000000
6956.000000
6954.000000
6952.000000
6952.000000
6948.000000
6948.000000
6948.000000
6946.000000
6946.000000
6950.000000
6950.000000
6950.000000
6946.000000
6948.000000
6944.000000
6944.000000
6942.000000
6940.000000
6940.000000
6940.000000
6940.000000
6934.000000
6923.000000
6920.000000
6918.000000
6914.000000
6920.000000
6924.000000
6924.000000
6924.000000
6922.000000
6920.000000
6918.000000
6912.000000
6912.000000
6913.000000
6916.000000
6916.000000
6916.000000
6914.000000
6908.000000
6902.000000
6904.000000
6904.000000
6904.000000
6904.000000
6904.000000
6876.000000
6866.000000
6856.000000
6854.000000
6854.000000
6856.000000
6858.000000
6858.000000
6856.000000
6856.000000
6850.000000
6850.000000
6850.000000
6846.000000
6846.000000
6845.000000
6846.000000
6840.000000
6840.000000
6836.000000
6836.000000
6836.000000
6834.000000
6832.000000
6826.000000
6824.000000
6824.000000
6824.000000
6821.000000
6810.000000
6798.000000
6798.000000
6798.000000
6799.000000
6810.000000
6817.000000
6828.000000
6828.000000
6851.000000
6848.000000
6848.000000
6846.000000
6841.000000
6838.000000
6840.000000
6840.000000
6834.000000
6826.000000
6826.000000
6826.000000
6820.000000
6816.000000
6812.000000
6808.000000
6806.000000
6804.000000
6792.000000
6786.000000
6776.000000
6772.000000
6770.000000
6760.000000
6764.000000
6764.000000
6758.000000
6750.000000
6744.000000
6736.000000
6726.000000
6712.000000
6712.000000
6710.000000
6702.000000
6702.000000
6698.000000
6690.000000
6690.000000
6684.000000
6678.000000
6676.000000
6666.000000
6664.000000
6654.000000
6654.000000
6637.000000
6627.000000
6620.000000
6612.000000
6602.000000
6598.000000
6622.000000
6626.000000
6626.000000
6626.000000
6626.000000
6626.000000
6626.000000
6626.000000
6626.000000
6626.000000
6626.000000
6626.000000
6626.000000
6626.000000
6626.000000
6626.000000
6626.000000
6626.000000
6626.000000
6626.000000
6626.000000
6622.000000
6616.000000
6614.000000
6614.000000
6614.000000
6621.000000
6628.000000
6630.000000
6632.000000
6632.000000
6632.000000
6632.000000
6632.000000
6632.000000
6632.000000
6632.000000
6632.000000
6632.000000
6632.000000
6632.000000
6632.000000
6632.000000
6632.000000
6632.000000
6632.000000
6632.000000
6632.000000
6632.000000
6663.000000
6656.000000
6654.000000
6654.000000
6654.000000
6658.000000
6662.000000
6670.000000
6670.000000
6670.000000
6672.000000
6708.000000
6708.000000
6708.000000
6708.000000
6708.000000
6744.000000
6745.000000
8078.000000
8078.000000
8078.000000
8078.000000
8078.000000
8078.000000
8078.000000
8074.000000
7976.000000
7974.000000
7966.000000
7962.000000
7962.000000
7962.000000
7966.000000
7970.000000
7980.000000
7980.000000
7980.000000
7980.000000
7980.000000
7980.000000
7980.000000
7980.000000
7980.000000
7980.000000
7980.000000
7980.000000
7980.000000
7980.000000
8092.000000
8092.000000
8094.000000
8094.000000
8094.000000
8094.000000
8094.000000
8088.000000
8082.000000
8080.000000
8080.000000
8081.000000
8086.000000
8098.000000
8098.000000
8183.000000
8202.000000
8202.000000
8202.000000
8204.000000
8204.000000
8204.000000
8204.000000
8204.000000
8204.000000
8204.000000
8204.000000
8206.000000
8206.000000
8206.000000
8208.000000
8208.000000
8208.000000
8212.000000
8214.000000
8206.000000
8204.000000
8206.000000
8207.000000
8212.000000
8322.000000
8336.000000
8336.000000
8336.000000
8340.000000
8340.000000
8340.000000
8342.000000
8342.000000
8344.000000
8348.000000
8350.000000
8352.000000
8352.000000
8354.000000
8466.000000
8468.000000
8474.000000
8478.000000
8484.000000
8502.000000
8520.000000
8514.000000
8506.000000
8620.000000
8626.000000
8628.000000
8648.000000
8666.000000
8668.000000
8788.000000
8796.000000
8802.000000
8928.000000
8937.000000
9060.000000
9074.000000
9086.000000
9105.000000
9116.000000
9131.000000
9148.000000
9294.000000
9306.000000
9320.000000
9324.000000
9333.000000
9342.000000
9350.000000
9355.000000
9363.000000
9370.000000
9378.000000
9394.000000
9406.000000
9420.000000
9431.000000
9442.000000
9454.000000
9466.000000
9476.000000
9490.000000
9618.000000
9638.000000
9676.000000
9690.000000
9702.000000
9710.000000
9722.000000
9734.000000
9738.000000
9749.000000
9761.000000
9772.000000
9780.000000
9790.000000
9800.000000
9805.000000
9804.000000
9812.000000
9726.000000
9640.000000
9664.000000
9677.000000
9693.000000
9727.000000
9752.000000
9755.000000
9761.000000
9767.000000
9783.000000
9803.000000
9812.000000
9820.000000
9832.000000
9844.000000
9852.000000
9861.000000
9867.000000
9876.000000
9880.000000
9889.000000
9901.000000
9809.000000
9824.000000
9845.000000
9860.000000
9898.000000
9912.000000
9930.000000
9941.000000
9951.000000
9963.000000
9970.000000
9982.000000
9990.000000
10000.000000
10014.000000
10022.000000
10034.000000
10044.000000
10054.000000
10066.000000
10076.000000
10089.000000
10101.000000
10116.000000
10128.000000
10158.000000
10190.000000
10202.000000
10214.000000
10218.000000
10221.000000
10234.000000
10242.000000
10250.000000
10262.000000
10270.000000
10282.000000
10290.000000
10302.000000
10312.000000
10322.000000
10334.000000
10346.000000
10356.000000
10370.000000
10384.000000
10401.000000
10442.000000
10454.000000
10468.000000
10479.000000
10488.000000
10496.000000
10512.000000
10520.000000
10528.000000
10538.000000
10538.000000
10545.000000
10558.000000
10567.000000
10576.000000
10588.000000
10510.000000
10522.000000
10534.000000
10547.000000
10564.000000
10594.000000
10618.000000
10632.000000
10642.000000
10655.000000
10668.000000
10676.000000
10687.000000
10696.000000
23362.000000
23377.000000
23388.000000
23396.000000
23406.000000
23416.000000
23424.000000
23562.000000
23574.000000
23584.000000
23706.000000
23719.000000
23732.000000
23778.000000
23793.000000
23806.000000
23816.000000
23827.000000
23843.000000
23852.000000
23860.000000
23870.000000
23881.000000
23890.000000
23903.000000
23914.000000
23924.000000
23934.000000
23945.000000
23958.000000
23966.000000
23976.000000
23984.000000
23992.000000
24004.000000
24023.000000
24041.000000
24054.000000
23776.000000
23788.000000
23802.000000
23812.000000
23820.000000
23830.000000
23838.000000
23846.000000
23856.000000
23864.000000
23872.000000
23878.000000
23888.000000
23894.000000
24028.000000
24036.000000
24044.000000
24052.000000
24068.000000
24080.000000
24096.000000
24108.000000
24242.000000
24254.000000
24264.000000
24276.000000
24280.000000
24286.000000
24428.000000
24433.000000
24435.000000
24574.000000
24580.000000
24584.000000
24586.000000
24586.000000
24586.000000
24722.000000
24726.000000
24730.000000
24740.000000
24744.000000
24746.000000
24750.000000
24754.000000
24758.000000
24760.000000
24760.000000
24760.000000
24761.000000
24761.000000
24765.000000
24767.000000
24770.000000
24900.000000
24902.000000
24902.000000
24904.000000
24906.000000
24906.000000
24906.000000
24906.000000
24906.000000
24906.000000
24906.000000
24906.000000
24906.000000
24906.000000
24906.000000
24906.000000
24906.000000
24906.000000
24907.000000
24907.000000
24908.000000
24908.000000
24908.000000
24908.000000
24908.000000
24908.000000
24908.000000
24908.000000
24909.000000
24909.000000
24909.000000
24910.000000
24910.000000
24910.000000
24910.000000
24908.000000
24904.000000
24904.000000
24904.000000
24900.000000
24900.000000
24900.000000
24900.000000
24898.000000
24896.000000
24896.000000
24892.000000
24889.000000
24641.000000
24637.000000
24637.000000
24634.000000
24632.000000
24630.000000
24626.000000
24626.000000
24620.000000
24610.000000
24490.000000
24488.000000
24486.000000
24358.000000
24354.000000
24228.000000
24102.000000
23970.000000
23848.000000
23832.000000
23704.000000
23570.000000
23438.000000
23319.000000
23300.000000
23166.000000
23038.000000
22902.000000
22782.000000
22764.000000
22632.000000
22506.000000
22386.000000
22273.000000
22268.000000
22156.000000
22048.000000
21944.000000
21843.000000
21836.000000
21732.000000
21634.000000
21536.000000
21436.000000
21434.000000
21332.000000
21239.000000
21144.000000
21048.000000
21044.000000
20950.000000
20858.000000
20765.000000
20673.000000
20667.000000
20574.000000
20482.000000
20392.000000
20302.000000
20292.000000
20204.000000
20104.000000
20012.000000
19931.000000
19914.000000
19824.000000
19726.000000
19634.000000
19545.000000
19530.000000
19432.000000
19332.000000
19232.000000
19142.000000
19126.000000
19020.000000
18914.000000
18806.000000
18710.000000
18692.000000
18580.000000
18468.000000
18346.000000
18236.000000
18220.000000
18084.000000
17946.000000
17806.000000
17686.000000
17664.000000
17526.000000
17386.000000
17248.000000
17129.000000
17105.000000
16965.000000
16826.000000
16686.000000
16569.000000
16542.000000
16402.000000
16266.000000
16124.000000
16005.000000
15978.000000
15839.000000
15700.000000
15560.000000
15446.000000
15416.000000
15274.000000
15134.000000
14992.000000
14880.000000
14846.000000
14712.000000
14568.000000
14427.000000
14316.000000
14282.000000
14138.000000
13998.000000
13857.000000
13746.000000
13708.000000
13566.000000
13422.000000
13280.000000
13180.000000
13134.000000
12992.000000
12850.000000
12708.000000
12614.000000
12562.000000
12290.000000
12148.000000
12002.000000
11912.000000
11854.000000
11712.000000
11566.000000
11424.000000
11340.000000
11272.000000
11130.000000
10986.000000
10842.000000
10760.000000
10696.000000
10550.000000
10406.000000
10263.000000
10182.000000
10110.000000
9966.000000
9824.000000
9680.000000
9604.000000
9530.000000
9386.000000
9240.000000
9096.000000
9024.000000
8948.000000
8798.000000
8656.000000
8508.000000
8440.000000
8358.000000
8212.000000
8062.000000
7916.000000
7854.000000
7768.000000
7620.000000
7476.000000
7328.000000
7274.000000
7174.000000
7032.000000
6884.000000
6738.000000
6687.000000
6587.000000
6440.000000
6288.000000
6144.000000
6097.000000
5990.000000
5842.000000
5692.000000
5542.000000
5499.000000
5390.000000
5240.000000
5090.000000
4942.000000
4905.000000
4790.000000
4642.000000
4494.000000
4344.000000
4310.000000
4189.000000
4040.000000
3892.000000
3746.000000
3716.000000
3588.000000
3308.000000
3154.000000
3006.000000
2990.000000
2854.000000
2702.000000
2552.000000
2400.000000
2394.000000
2254.000000
2106.000000
1952.000000
1676.000000
1670.000000
1528.000000
1384.000000
1114.000000
1114.000000
1114.000000
1114.000000
1114.000000
1118.000000
1118.000000
1118.000000
1118.000000
1120.000000
1120.000000
1120.000000
1120.000000
1120.000000
1120.000000
1120.000000
1120.000000
1120.000000
1120.000000
1120.000000
1120.000000
1120.000000
1120.000000
1122.000000
1122.000000
1122.000000
1122.000000
1124.000000
1124.000000
1124.000000
1124.000000
1124.000000
1124.000000
1124.000000
1126.000000
1126.000000
1126.000000
1126.000000
1126.000000
1126.000000
1126.000000
1126.000000
1126.000000
1126.000000
1126.000000
1126.000000
1126.000000
1126.000000
1126.000000
1128.000000
1128.000000
1128.000000
1128.000000
1130.000000
1130.000000
1130.000000
1130.000000
1130.000000
1130.000000
1130.000000
1132.000000
1132.000000
1132.000000
1132.000000
1134.000000
1136.000000
1138.000000
1138.000000
1138.000000
1138.000000
1138.000000
1138.000000
1140.000000
1140.000000
1140.000000
1140.000000
1140.000000
1140.000000
1140.000000
1140.000000
1140.000000
1140.000000
1140.000000
1140.000000
1140.000000
1142.000000
1142.000000
1142.000000
1142.000000
1142.000000
1142.000000
1144.000000
1144.000000
1144.000000
1144.000000
1144.000000
1144.000000
1144.000000
1144.000000
1144.000000
1144.000000
1144.000000
1144.000000
1144.000000
1146.000000
1146.000000
1148.000000
1150.000000
1150.000000
1150.000000
1150.000000
1150.000000
1150.000000
1150.000000
1150.000000
1150.000000
1150.000000
1150.000000
1150.000000
1150.000000
1150.000000
1150.000000
1152.000000
1152.000000
1152.000000
1152.000000
1152.000000
1152.000000
1152.000000
1152.000000
1152.000000
1154.000000
1156.000000
1156.000000
1156.000000
1156.000000
1156.000000
1156.000000
1156.000000
1156.000000
1156.000000
1156.000000
1156.000000
1156.000000
1158.000000
1158.000000
1158.000000
1158.000000
1158.000000
1158.000000
1160.000000
1160.000000
1160.000000
1160.000000
1160.000000
1160.000000
1162.000000
1162.000000
1162.000000
1162.000000
1162.000000
1162.000000
1164.000000
1164.000000
1166.000000
1166.000000
1168.000000
1170.000000
1170.000000
1170.000000
1170.000000
1172.000000
1172.000000
1174.000000
1174.000000
1176.000000
1176.000000
1176.000000
1176.000000
1178.000000
1178.000000
1178.000000
1178.000000
1178.000000
1180.000000
1180.000000
1180.000000
1182.000000
1182.000000
1182.000000
1182.000000
1182.000000
1182.000000
1182.000000
1182.000000
1182.000000
1182.000000
1182.000000
1182.000000
1182.000000
1182.000000
1184.000000
1184.000000
1184.000000
1184.000000
1184.000000
1188.000000
1190.000000
1192.000000
1194.000000
1194.000000
1194.000000
1194.000000
1194.000000
1194.000000
1194.000000
1194.000000
1194.000000
1194.000000
1194.000000
1194.000000
1194.000000
1194.000000
1196.000000
1198.000000
1200.000000
1200.000000
1200.000000
1200.000000
1200.000000
1200.000000
1200.000000
1200.000000
1200.000000
1200.000000
1200.000000
1200.000000
1200.000000
1200.000000
1200.000000
1200.000000
1200.000000
1202.000000
1202.000000
1204.000000
1204.000000
1206.000000
1206.000000
1206.000000
1206.000000
1206.000000
1206.000000
1206.000000
1208.000000
1208.000000
1210.000000
1212.000000
1212.000000
1212.000000
1214.000000
1214.000000
1214.000000
1214.000000
1214.000000
1216.000000
1216.000000
1218.000000
1218.000000
1218.000000
1218.000000
1220.000000
1220.000000
1220.000000
1220.000000
1222.000000
1224.000000
1224.000000
1226.000000
1226.000000
1226.000000
1226.000000
1226.000000
1226.000000
1228.000000
1228.000000
1228.000000
1230.000000
1230.000000
1230.000000
1230.000000
1230.000000
1230.000000
1230.000000
1230.000000
1232.000000
1232.000000
1232.000000
1232.000000
1232.000000
1232.000000
1232.000000
1232.000000
1232.000000
1232.000000
1232.000000
1232.000000
1232.000000
1232.000000
1234.000000
1234.000000
1234.000000
1234.000000
1234.000000
1234.000000
1234.000000
1234.000000
1234.000000
1234.000000
1236.000000
1236.000000
1236.000000
1238.000000
1238.000000
1240.000000
1240.000000
1240.000000
1240.000000
1240.000000
1240.000000
1240.000000
1240.000000
1240.000000
1240.000000
1240.000000
1240.000000
1242.000000
1244.000000
1244.000000
1244.000000
1244.000000
1246.000000
1246.000000
1246.000000
1246.000000
1246.000000
1246.000000
1246.000000
1246.000000
1248.000000
1248.000000
1250.000000
1250.000000
1250.000000
1250.000000
1250.000000
1250.000000
1250.000000
1250.000000
1250.000000
1250.000000
1254.000000
1254.000000
1254.000000
1254.000000
1254.000000
1254.000000
1254.000000
1254.000000
1254.000000
1254.000000
1256.000000
1256.000000
1256.000000
1256.000000
1256.000000
1256.000000
1256.000000
1258.000000
1258.000000
1258.000000
1258.000000
1258.000000
1258.000000
1258.000000
1258.000000
1258.000000
1258.000000
1260.000000
1260.000000
1262.000000
1262.000000
1262.000000
1262.000000
1262.000000
1262.000000
1262.000000
1264.000000
1264.000000
1264.000000
1264.000000
1264.000000
1264.000000
1264.000000
1264.000000
1264.000000
1264.000000
1264.000000
1264.000000
1264.000000
1264.000000
1264.000000
1264.000000
1264.000000
1264.000000
1266.000000
1268.000000
1268.000000
1268.000000
1268.000000
1268.000000
1268.000000
1268.000000
1268.000000
1270.000000
1270.000000
1270.000000
1270.000000
1270.000000
1270.000000
1270.000000
1272.000000
1272.000000
1272.000000
1272.000000
1272.000000
1272.000000
1272.000000
1272.000000
1272.000000
1272.000000
1272.000000
1272.000000
1274.000000
1274.000000
1276.000000
1276.000000
1279.000000
1282.000000
1282.000000
1284.000000
1284.000000
1286.000000
1290.000000
1296.000000
1300.000000
1304.000000
1310.000000
1318.000000
1322.000000
1336.000000
1348.000000
1354.000000
1358.000000
1368.000000
1380.000000
1390.000000
1400.000000
1412.000000
1432.000000
1446.000000
1470.000000
1500.000000
1538.000000
1578.000000
1612.000000
1652.000000
1678.000000
1698.000000
1708.000000
1728.000000
1738.000000
1748.000000
1762.000000
1776.000000
1784.000000
1796.000000
1804.000000
1814.000000
1818.000000
1828.000000
1834.000000
1842.000000
1844.000000
1848.000000
1854.000000
1854.000000
1860.000000
1864.000000
1866.000000
1866.000000
1866.000000
1866.000000
1866.000000
1866.000000
1866.000000
1866.000000
1866.000000
1866.000000
1866.000000
1866.000000
1866.000000
1866.000000
1866.000000
1866.000000
1866.000000
1866.000000
1866.000000
1866.000000
1866.000000
1866.000000
1866.000000
1866.000000
1866.000000
1866.000000
1866.000000
1866.000000
1866.000000
1866.000000
1866.000000
1866.000000
1866.000000
1866.000000
1866.000000
1866.000000
1866.000000
1866.000000
1866.000000
1866.000000
1866.000000
1866.000000
1866.000000
1866.000000
1866.000000
1866.000000
1866.000000
1866.000000
1866.000000
1866.000000
1866.000000
1866.000000
1866.000000
1866.000000
1866.000000
1866.000000
1866.000000
1866.000000
1866.000000
1866.000000
1866.000000
1866.000000
1866.000000
1866.000000
1866.000000
1866.000000
1866.000000
1866.000000
1866.000000
1866.000000
1866.000000
1866.000000
1866.000000
1866.000000
1866.000000
1866.000000
1866.000000
1866.000000
1866.000000
1866.000000
1866.000000
1866.000000
1866.000000
1866.000000
1866.000000
1866.000000
1866.000000
1866.000000
1866.000000
1866.000000
1866.000000
1866.000000
1866.000000
1866.000000
1866.000000
1866.000000
1866.000000
1866.000000
1866.000000
1866.000000
1866.000000
1866.000000
1866.000000
1866.000000
1866.000000
1866.000000
1866.000000
1866.000000
1866.000000
1866.000000
1866.000000
1866.000000
1866.000000
1866.000000
1866.000000
1866.000000
1866.000000
1866.000000
1866.000000
1866.000000
1866.000000
1866.000000
1866.000000
1866.000000
1866.000000
1866.000000
1866.000000
1866.000000
1866.000000
1866.000000
1866.000000
1866.000000
1866.000000
1866.000000
1866.000000
1866.000000
1866.000000
1866.000000
1866.000000
1866.000000
1866.000000
1866.000000
1866.000000
1866.000000
1866.000000
1866.000000
1866.000000
1866.000000
1866.000000
1866.000000
1866.000000
1866.000000
1866.000000
1866.000000
1866.000000
1866.000000
1866.000000
1866.000000
1866.000000
1866.000000
1866.000000
1866.000000
1866.000000
1866.000000
1866.000000
1866.000000
1866.000000
1866.000000
1866.000000
1866.000000
1866.000000
1866.000000
1866.000000
1866.000000
1866.000000
1866.000000
1866.000000
1866.000000
1866.000000
1866.000000
1866.000000
1866.000000
1866.000000
1866.000000
1866.000000
1866.000000
1866.000000
1866.000000
1866.000000
1866.000000
1866.000000
1866.000000
1866.000000
1866.000000
1866.000000
1866.000000
1866.000000
1866.000000
1866.000000
1866.000000
1866.000000
1866.000000
1866.000000
1866.000000
1866.000000
1866.000000
1866.000000
1866.000000
1866.000000
1866.000000
1866.000000
1866.000000
1866.000000
1866.000000
1866.000000
1866.000000
1866.000000
1866.000000
1866.000000
1866.000000
1866.000000
1866.000000
1866.000000
1866.000000
1866.000000
1866.000000
1866.000000
1866.000000
1866.000000
1866.000000
1866.000000
1866.000000
1866.000000
1866.000000
1866.000000
1866.000000
1866.000000
1866.000000
1866.000000
1866.000000
1866.000000
1866.000000
1866.000000
1866.000000
1866.000000
1866.000000
1866.000000
1866.000000
1866.000000
1864.000000
1860.000000
1856.000000
1854.000000
1848.000000
1844.000000
1842.000000
1834.000000
1828.000000
1818.000000
1814.000000
1806.000000
1796.000000
1784.000000
1776.000000
1762.000000
1748.000000
1736.000000
1730.000000
1708.000000
1698.000000
1676.000000
1650.000000
1612.000000
1578.000000
