24262.5527
27197.5117
30132.4727
33067.4336
36002.3945
38105.5391
38113.3516
38121.1602
38128.9688
38136.7773
38144.5859
38152.3984
38160.2070
38168.0195
38175.8281
38183.6367
38191.4492
38199.2539
37667.6367
35886.7500
34106.2109
32325.3223
30544.6074
28764.0703
26983.1816
25202.6445
23421.7539
21641.0391
19860.5039
18079.6133
16299.0752
15084.9121
15080.0127
15075.1152
15070.2158
15065.3164
15060.4180
15055.5195
15050.6211
15045.7217
15040.8242
15035.9238
15031.0264
15026.1279
15024.6201
15029.7988
15034.9785
15040.1582
15045.3379
15050.5166
15055.6963
15060.8750
15066.0547
15071.2344
15076.4131
15081.5928
15086.7715
15190.6211
15474.5244
15758.4277
16042.3311
16326.2344
16610.1387
16894.0430
17177.9453
17461.8496
17745.7539
18029.6563
18313.5898
18597.4648
18836.6836
19000.2852
19163.8887
19327.5078
19491.0938
19654.7129
19818.3145
19981.9004
20145.5195
20309.1055
20472.7246
20636.3281
20799.9141
20934.5586
21023.6660
21112.7891
21201.9023
21291.0098
21380.1328
21469.2461
21558.3613
21647.4766
21736.5820
21825.7051
21914.8203
22003.9355
22088.3770
22165.9824
22243.6055
22321.2207
22398.8340
22476.4492
22554.0625
22631.6777
22709.2930
22786.9063
22864.5215
22942.1348
23019.7500
23083.9063
23129.7676
23175.6289
23221.4902
23267.3516
23313.2148
23359.0742
23404.9375
23450.7969
23496.6602
23542.5215
23588.3828
23634.2441
23680.4395
23727.0566
23773.6719
23820.2891
23866.9043
23913.5234
23960.1367
24006.7520
24053.3730
24099.9844
24146.6055
24193.2168
24239.8359
24278.4941
24307.7598
24337.0313
24366.2969
24395.5684
24424.8359
24454.1035
24483.3750
24512.6426
24541.9121
24571.1797
24600.4453
24629.7168
24654.9180
24675.6484
24696.3770
24717.1035
24737.8359
24758.5645
24779.2930
24800.0234
24820.7520
24841.4805
24862.2109
24882.9395
24903.6680
24918.2578
24926.5488
24934.8418
24943.1328
24951.4258
24959.7188
24968.0117
24976.3008
24984.5938
24992.8848
25001.1777
25009.4707
25017.7617
25012.9316
24995.5508
24978.1680
24960.7852
24943.4043
24926.0215
24908.6406
24891.2578
24873.8750
24856.4941
24839.1094
24821.7285
24804.3477
24792.0918
24784.4082
24776.7266
24769.0430
24761.3613
24753.6797
24745.9961
24738.3125
24730.6328
24722.9492
24715.2676
24707.5820
24699.9004
24673.8750
24632.5898
24591.3066
24550.0234
24508.7422
24467.4629
24426.1777
24384.8945
24343.6133
24302.3320
24261.0469
24219.7656
24178.4824
24123.3164
24057.3965
23991.4766
23925.5547
23859.6348
23793.7148
23727.7930
23661.8711
23595.9531
23530.0313
23464.1094
23398.1875
23332.2676
23260.5352
23184.6094
23108.6836
23032.7598
22956.8340
22880.9102
22804.9844
22729.0586
22653.1328
22577.2070
22501.2813
22425.3574
22349.4258
22216.7949
22046.0918
21875.3887
21704.6836
21533.9648
21363.2773
21192.5742
21021.8711
20851.1660
20680.4453
20509.7578
20339.0547
20168.3359
19920.3301
19624.1133
19327.9258
19031.7070
18735.4629
18439.2461
18143.0293
17846.8418
17550.6250
17254.3789
16958.1621
16661.9453
16365.7285
16270.7139
16292.1934
16313.6719
16335.1504
16356.6289
16378.1074
16399.5859
16421.0664
16442.5430
16464.0234
16485.5020
16506.9805
16528.4590
16536.5977
16537.5762
16538.5547
16539.5352
16540.5137
16541.4922
16542.4707
16543.4512
16544.4297
16545.4082
16546.3867
16547.3672
16548.3457
16555.7070
16566.2402
16576.7715
16587.3027
16597.8359
16608.3672
16618.9004
16629.4316
16639.9629
16650.4961
16661.0273
16671.5605
16682.0918
16685.2734
16685.0840
16684.8965
16684.7070
16684.5195
16684.3320
16684.1426
16683.9551
16683.7656
16683.5781
16683.3887
16683.2012
16683.0137
16694.1953
16710.1758
16726.1563
16742.1406
16758.1230
16774.1055
16790.0859
16806.0664
16822.0508
16838.0332
16854.0156
16869.9980
16885.9785
16893.6094
16897.9980
16902.3887
16906.7773
16911.1680
16915.5586
16919.9473
16924.3379
16928.7285
16933.1172
16937.5078
16941.8984
16946.2891
16955.0000
16965.2480
16975.4961
16985.7422
16995.9883
17006.2363
17016.4844
17026.7305
17036.9785
17047.2246
17057.4727
17067.7207
17077.9648
17081.3730
17082.5625
17083.7539
17084.9453
17086.1348
17087.3262
17088.5156
17089.7070
17090.8984
17092.0898
17093.2793
17094.4707
17095.6602
17110.8750
17130.2070
17149.5391
17168.8711
17188.2012
17207.5352
17226.8672
17246.1973
17265.5293
17284.8594
17304.1953
17323.5254
17342.8574
17342.7910
17337.5840
17332.3750
17327.1680
17321.9570
17316.7500
17311.5430
17306.3320
17301.1250
17295.9180
17290.7090
17285.5000
17280.2910
17292.0703
17307.8887
17323.7070
17339.5273
17355.3477
17371.1641
17386.9824
17402.8008
17418.6191
17434.4395
17450.2578
17466.0762
17481.8945
17487.0039
17489.8477
17492.6934
17495.5352
17498.3789
17501.2227
17504.0664
17506.9102
17509.7520
17512.5957
17515.4395
17518.2832
17521.1270
17530.4551
17540.9902
17551.5273
17562.0645
17572.6016
17583.1367
17593.6738
17604.2109
17614.7480
17625.2852
17635.8223
17646.3555
17656.8926
17659.3965
17660.5918
17661.7871
17662.9824
17664.1777
17665.3750
17666.5703
17667.7656
17668.9609
17670.1563
17671.3516
17672.5488
17673.7441
17710.2949
17751.7676
17793.2500
17834.7266
17876.2051
17917.6836
17959.1563
18000.6426
18042.1152
18083.5938
18125.0703
18166.5449
18208.0313
18223.5020
18235.9277
18248.3555
18260.7813
18273.2129
18285.6387
18298.0664
18310.4922
18322.9199
18335.3496
18347.7754
18360.2031
18372.6309
18396.2578
18420.9609
18445.6621
18470.3594
18495.0645
18519.7617
18544.4668
18569.1680
18593.8652
18618.5723
18643.2695
18667.9727
18692.6719
18694.4922
18694.5938
18694.6914
18694.7930
18694.8906
18694.9902
18695.0898
18695.1895
18695.2891
18695.3906
18695.4883
18695.5898
18695.6875
18691.1016
18686.2520
18681.4043
18676.5566
18671.7090
18666.8594
18662.0117
18657.1660
18652.3164
18647.4688
18642.6211
18637.7734
18632.9258
18626.7168
18620.4570
18614.1973
18607.9395
18601.6797
18595.4199
18589.1602
18582.9023
18576.6426
18570.3828
18564.1230
18557.8652
18551.6074
18543.7285
18535.8223
18527.9141
18520.0078
18512.1016
18504.1973
18496.2891
18488.3828
18480.4766
18472.5703
18464.6641
18456.7578
18448.8496
18483.6465
18518.4434
18553.2383
18588.0371
18622.8398
18657.6367
18692.4375
18727.2305
18762.0313
18796.8320
18831.6309
18866.4297
18900.6758
18903.6914
18906.7070
18909.7227
18912.7363
18915.7520
18918.7656
18921.7813
18924.7969
18927.8105
18930.8262
18933.8398
18936.8555
18940.6484
18966.0254
18991.4004
19016.7734
19042.1563
19067.5293
19092.9063
19118.2813
19143.6563
19169.0371
19194.4102
19219.7871
19245.1641
19260.7930
19099.4082
18938.0547
18776.6875
18615.3203
18453.9512
18292.5684
18131.1992
17969.8477
17808.4805
17647.1133
17485.7266
17324.3594
17182.5117
17301.2578
17420.0020
17538.7578
17657.5039
17776.2363
17894.9824
18013.7266
18132.4824
18251.2285
18369.9609
18488.7305
18607.4512
18726.2070
18844.9492
18963.6758
19082.4414
19201.1563
19319.9082
19438.6484
19557.3906
19676.1406
19794.8594
19913.6113
20032.3496
20151.0918
20262.8828
20315.1367
20367.4023
20419.6641
20471.9277
20524.1953
20576.4570
20628.7148
20680.9766
20733.2383
20785.5059
20837.7695
20890.0254
20941.6172
20988.3867
21035.1582
21081.9277
21128.6914
21175.4609
21222.2285
21269.0020
21315.7617
21362.5391
21409.3027
21456.0703
21502.8457
21792.6250
23583.5605
25373.9668
27164.5469
28955.3086
30745.5352
32536.4727
34326.8750
36117.4570
37908.2188
39698.4453
41489.3789
43279.7891
44779.9648
44719.5625
44659.1758
44598.7773
44538.3906
44478.0000
44417.6016
44357.2070
44296.8164
44236.4219
44176.0391
44115.6328
44055.2461
44005.9922
44009.4492
44012.9102
44016.3711
44019.8281
44023.2891
44026.7500
44030.2109
44033.6680
44037.1289
44040.5859
44044.0469
44047.5078
44045.1680
44018.4023
43991.6367
43964.8672
43938.1016
43911.3281
43884.5625
43857.7969
43831.0273
43804.2656
43777.4922
43750.7266
43723.9609
43705.4023
43717.8477
43730.2930
43742.7422
43755.1875
43767.6328
43780.0781
43792.5234
43804.9688
43817.4141
43829.8672
43842.3086
43854.7578
43870.7773
43898.9883
43927.2031
43955.4063
43983.6250
44011.8359
44040.0469
44068.2578
44096.4648
44124.6797
44152.8906
44181.1016
44209.3125
44241.2930
44284.9570
44328.6172
44372.2734
44415.9375
44459.5859
44503.2500
44546.9102
44590.5703
44634.2305
44677.8828
44721.5469
44765.2031
44787.7539
44750.7539
44713.7656
44676.7656
44639.7695
44602.7734
44565.7734
44528.7852
44491.7852
44454.7891
44417.7891
44380.7891
44343.8008
44294.3281
44212.6406
44130.9570
44049.2500
43967.5820
43885.8945
43804.2109
43722.5234
43640.8203
43559.1523
43477.4648
43395.7773
43314.0898
43258.9141
43266.6133
43274.3203
43282.0195
43289.7227
43297.4258
43305.1250
43312.8281
43320.5313
43328.2344
43335.9375
43343.6406
43351.3398
43370.7539
43415.7500
43460.7578
43505.7422
43550.7422
43595.7422
43640.7383
43685.7422
43730.7344
43775.7266
43820.7266
43865.7266
43910.7305
43935.1328
43918.0156
43900.9023
43883.7891
43866.6758
43849.5625
43832.4453
43815.3359
43798.2227
43781.1055
43763.9922
43746.8789
43729.7695
43730.5313
43764.6602
43798.7891
43832.9141
43867.0313
43901.1602
43935.2930
43969.4180
44003.5430
44037.6719
44071.7891
44105.9219
44140.0469
44167.5117
44183.4609
44199.4102
44215.3594
44231.3086
44247.2578
44263.2070
44279.1523
44295.1055
44311.0547
44327.0039
44342.9492
44358.8984
44366.1406
44359.3984
44352.6602
44345.9180
44339.1797
44332.4375
44325.7031
44318.9609
44312.2188
44305.4805
44298.7422
44292.0039
44285.2617
44287.0156
44301.4375
44315.8672
44330.2891
44344.7109
44359.1406
44373.5625
44387.9844
44402.4063
44416.8320
44431.2578
44445.6797
44460.1016
46249.9219
50503.7813
54758.4844
59011.5000
63265.3594
67519.2188
71773.0781
76027.7813
80280.7969
84534.6641
88788.5156
93042.3828
97297.0781
99807.7891
100067.4453
100327.1016
100586.7656
100846.4844
101106.0938
101365.7500
101625.4141
101885.0781
102144.7813
102404.3906
102664.0547
102923.7188
103126.6563
103261.3125
103395.9141
103530.5391
103665.1719
103799.7969
103934.4453
104069.0469
104203.6719
104338.3047
104472.9219
104607.5859
104742.1875
104822.6719
104842.3672
104862.0703
104881.7813
104901.4688
104921.1719
104940.8750
104960.5781
104980.2734
104999.9688
105019.6797
105039.3672
105059.0781
104938.2891
104670.5859
104402.7734
104135.0625
103867.3125
103599.4922
103331.7813
103063.9688
102796.2656
102528.5078
102260.6953
101992.9844
101725.1719
101849.0859
102355.0703
102861.2500
103367.3359
103873.4219
104379.5000
104885.4844
105391.6641
105897.7500
106403.8281
106909.9141
107415.8906
107922.0781
108204.7656
108284.1719
108363.5859
108442.9844
108522.4063
108601.8125
108681.2266
108760.6406
108840.0469
108919.4609
108998.8750
109078.2813
109157.6953
109224.5156
109280.6641
109336.8047
109392.9531
109449.0938
109505.2500
109561.3906
109617.5469
109673.6875
109729.8438
109785.9766
109842.1250
109898.2656
109936.2578
109959.8906
109983.5156
110007.1484
110030.7734
110054.4063
110078.0391
110101.6641
110125.2969
110148.9297
110172.5547
110196.1875
110219.8125
110217.7734
110196.8203
110175.8750
110154.9219
110133.9766
110113.0313
110092.0781
110071.1328
110050.1719
110029.2344
110008.2813
109987.3359
109966.3906
109988.3438
110039.6875
110091.0391
110142.3906
110193.7344
110245.0938
110296.4375
110347.7891
110399.1406
110450.4922
110501.8516
110553.1875
110604.5391
110627.2109
110631.6016
110636.0000
110640.3906
110644.7813
110649.1719
110653.5625
110657.9609
110662.3516
110666.7500
110671.1406
110675.5313
110679.9219
110683.6875
110687.0859
110690.4844
110693.8828
110697.2813
110700.6875
110704.0781
110707.4844
110710.8750
110714.2813
110717.6797
110721.0781
110724.4766
110742.6094
110768.8281
110795.0391
110821.2656
110847.4844
110873.6953
110899.9219
110926.1250
110952.3516
110978.5703
111004.7813
111031.0078
111057.2188
111065.9531
111065.8047
111065.6563
111065.5156
111065.3750
111065.2188
111065.0781
111064.9297
111064.7734
111064.6328
111064.4766
111064.3281
111064.1875
111063.3203
111062.1094
111060.9063
111059.7031
111058.5000
111057.2969
111056.0938
111054.8906
111053.6875
111052.4844
111051.2813
111050.0703
111048.8672
110709.2656
110223.3125
109737.3516
109251.3984
108765.4375
108279.4922
107793.5313
107307.5781
106821.6250
106335.6719
105849.7188
105363.7656
104877.8047
103622.6172
102061.5938
100500.2734
98939.5703
97378.5547
95817.5391
94256.5313
92695.2031
91134.5000
89573.4766
88012.4609
86451.4453
84890.1250
84443.1094
84401.5391
84359.9688
84318.3906
84276.8047
84235.2344
84193.6641
84152.0938
84110.5156
84068.9297
84027.3672
83985.7891
83944.2109
83903.8828
83863.9609
83824.0469
83784.1328
83744.2109
83704.2969
83664.3750
83624.4609
83584.5391
83544.6250
83504.7109
83464.7891
83424.8750
83424.4844
83436.0391
83447.5938
83459.1563
83470.7109
83482.2734
83493.8281
83505.3906
83516.9453
83528.5000
83540.0625
83551.6172
83563.1719
83534.0234
83493.7578
83453.4844
83413.2109
83372.9375
83332.6563
83292.3906
83252.1094
83211.8359
83171.5703
83131.2891
83091.0234
83050.7422
83029.4063
83012.7109
82996.0156
82979.3281
82962.6328
82945.9375
82929.2500
82912.5625
82895.8672
82879.1719
82862.4766
82845.7891
82829.0938
82811.2031
82793.0547
82774.8984
82756.7500
82738.6016
82720.4531
82702.2969
82684.1406
82666.0000
82647.8438
82629.6953
82611.5391
82593.3906
82536.4766
82472.0625
82407.6563
82343.2344
82278.8125
82214.3984
82149.9844
82085.5781
82021.1484
81956.7344
81892.3125
81827.8984
81763.4844
81720.0078
81680.0781
81640.1484
81600.2188
81560.2891
81520.3594
81480.4219
81440.5000
81400.5625
81360.6406
81320.7031
81280.7813
81240.8438
81216.1484
81193.6797
81171.2109
81148.7344
81126.2656
81103.7969
81081.3281
81058.8516
81036.3828
81013.9141
80991.4453
80968.9688
80946.5000
80939.3281
80934.0469
80928.7656
80923.4844
80918.2031
80912.9141
80907.6250
80902.3438
80897.0625
80891.7813
80886.5000
80881.2109
80875.9375
80842.6016
80806.4141
80770.2188
80734.0313
80697.8359
80661.6563
80625.4688
80589.2656
80553.0859
80516.8906
80480.7031
80444.5156
80408.3203
80385.9063
80364.5938
80343.2969
80321.9844
80300.6719
80279.3750
80258.0625
80236.7578
80215.4531
80194.1484
80172.8438
80151.5313
80130.2266
80101.2734
80071.8359
80042.4063
80012.9688
79983.5391
79954.1094
79924.6719
79895.2422
79865.8047
79836.3750
79806.9453
79777.5078
79748.0859
79758.3984
79770.3828
79782.3672
79794.3594
79806.3359
79818.3203
79830.3047
79842.2891
79854.2734
79866.2500
79878.2344
79890.2266
79902.2031
79892.7969
79882.8984
79872.9922
79863.0859
79853.1797
79843.2813
79833.3750
79823.4688
79813.5625
79803.6563
79793.7500
79783.8516
79773.9531
79763.1563
79752.3672
79741.5781
79730.7813
79719.9922
79709.2031
79698.4063
79687.6172
79676.8281
79666.0313
79655.2422
79644.4531
79633.5156
79611.2266
79588.9375
79566.6406
79544.3594
79522.0625
79499.7813
79477.4844
79455.1875
79432.9063
79410.6094
79388.3281
79366.0313
79344.7344
79355.5469
79366.3594
79377.1875
79388.0000
79398.8203
79409.6406
79420.4531
79431.2656
79442.0859
79452.9063
79463.7266
79474.5469
79483.8984
79463.6484
79443.3984
79423.1563
79402.9063
79382.6641
79362.4219
79342.1719
79321.9219
79301.6719
79281.4375
79261.1797
79240.9297
79222.7266
79234.0234
79245.3047
79256.5938
79267.8828
79279.1719
79290.4609
79301.7500
79313.0313
79324.3281
79335.6172
79346.9063
79358.1953
79367.1875
79350.4766
79333.7734
79317.0625
79300.3594
79283.6563
79266.9531
79250.2500
79233.5391
79216.8438
79200.1328
79183.4219
79166.7266
79146.5391
79094.8984
79043.2578
78991.6094
78939.9766
78888.3203
78836.6875
78785.0469
78733.3906
78681.7656
78630.1094
78578.4766
78526.8281
78480.3047
78472.4766
78464.6406
78456.7969
78448.9609
78441.1250
78433.2813
78425.4453
78417.6094
78409.7734
78401.9375
78394.0938
78386.2578
78377.4297
78362.2500
78347.0625
78331.8828
78316.6875
78301.5000
78286.3203
78271.1406
78255.9531
78240.7656
78225.5781
78210.3906
78195.2031
78181.0391
78172.5469
78164.0547
78155.5703
78147.0781
78138.5938
78130.1094
78121.6094
78113.1250
78104.6328
78096.1484
78087.6563
78079.1719
78074.0078
78085.1328
78096.2578
78107.3906
78118.5234
78129.6563
78140.7813
78151.9141
78163.0469
78174.1797
78185.3047
78196.4375
78207.5625
78213.4063
78196.2109
78179.0313
78161.8359
78144.6484
78127.4609
78110.2656
78093.0781
78075.8906
78058.7031
78041.5156
78024.3281
78007.1328
77981.8516
77925.0938
77868.3281
77811.5469
77754.7891
77698.0078
77641.2500
77584.4844
77527.6953
77470.9375
77414.1563
77357.3984
77300.6250
77237.6719
77153.0547
77068.4141
76983.7969
76899.1719
76814.5234
76729.9141
76645.2656
76560.6563
76476.0313
76391.3828
76306.7656
76222.1250
76146.8203
76101.0938
76055.3672
76009.6563
75963.9297
75918.2188
75872.5000
75826.7734
75781.0625
75735.3359
75689.6250
75643.8984
75598.1719
75583.0938
75656.7422
75730.3750
75804.0391
75877.6875
75951.3125
76024.9766
76098.6094
76172.2656
76245.9141
76319.5469
76393.2031
76466.8359
76855.0156
78075.8438
79296.4297
80517.5000
81738.0781
82959.1484
84179.9844
85400.5625
86621.6328
87842.2188
89063.2813
90284.1172
91504.6953
92370.1563
92371.4688
92372.7813
92374.0938
92375.4063
92376.7188
92378.0313
92379.3438
92380.6563
92381.9688
92383.2813
92384.5938
92385.9063
92380.4063
92359.6797
92338.9453
92318.2188
92297.4922
92276.7656
92256.0391
92235.3125
92214.5781
92193.8516
92173.1250
92152.3906
92131.6641
92119.3125
92124.2500
92129.1797
92134.1094
92139.0469
92143.9844
92148.9141
92153.8438
92158.7813
92163.7109
92168.6406
92173.5781
92178.5156
92178.0859
92167.4453
92156.7969
92146.1563
92135.5156
92124.8750
92114.2266
92103.5781
92092.9375
92082.2969
92071.6563
92061.0078
92050.3672
91035.3359
88244.4531
85454.6719
82664.3438
79873.4531
77083.6719
74292.7813
71503.0000
68712.6719
65921.7813
63132.0039
60341.1172
57551.3398
55815.3750
55808.7500
55802.1289
55795.5078
55788.8867
55782.2656
55775.6406
55769.0156
55762.3945
55755.7695
55749.1484
55742.5234
55735.9063
55733.8203
55738.6484
55743.4766
55748.3008
55753.1289
55757.9570
55762.7852
55767.6133
55772.4375
55777.2695
55782.0938
55786.9258
55791.7500
55781.4922
55749.8711
55718.2383
55686.6172
55654.9844
55623.3516
55591.7344
55560.0977
55528.4766
55496.8438
55465.2109
55433.5898
55401.9531
55376.1328
55357.9531
55339.7773
55321.6016
55303.4219
55285.2500
55267.0703
55248.8945
55230.7227
55212.5430
55194.3711
55176.1914
55158.0117
55155.8984
55173.5352
55191.1641
55208.8008
55226.4375
55244.0625
55261.6953
55279.3281
55296.9648
55314.5938
55332.2305
55349.8594
55367.4883
55378.1328
55380.7734
55383.4102
55386.0469
55388.6875
55391.3203
55393.9609
55396.5977
55399.2344
55401.8711
55404.5078
55407.1445
55409.7813
55399.1680
55374.3906
55349.6250
55324.8516
55300.0859
55275.3203
55250.5430
55225.7813
55201.0078
55176.2422
55151.4688
55126.6953
55101.9297
55080.3945
55062.0859
55043.7734
55025.4609
55007.1523
54988.8438
54970.5313
54952.2227
54933.9063
54915.6016
54897.2891
54878.9805
54860.6719
54827.7148
54781.1797
54734.6289
54688.0977
54641.5547
54595.0039
54548.4688
54501.9219
54455.3867
54408.8477
54362.2969
54315.7617
54269.2109
54263.1406
54292.1094
54321.0820
54350.0469
54379.0234
54407.9844
54436.9609
54465.9297
54494.8906
54523.8672
54552.8281
54581.8047
54610.7695
54607.1641
54577.2578
54547.3633
54517.4609
54487.5625
54457.6641
54427.7617
54397.8672
54367.9609
54338.0625
54308.1719
54278.2656
54248.3711
54223.7188
54203.0156
54182.3164
54161.6133
54140.9141
54120.2070
54099.5078
54078.8047
54058.1016
54037.4063
54016.6992
53995.9961
53975.3008
53974.0938
53986.5313
53998.9688
54011.4102
54023.8516
54036.2891
54048.7266
54061.1719
54073.6094
54086.0469
54098.4883
54110.9297
54123.3672
54110.6875
54081.6563
54052.6250
54023.6016
53994.5625
53965.5313
53936.5000
53907.4688
53878.4414
53849.4063
53820.3711
53791.3398
53762.3086
53762.4023
53780.1094
53797.8203
53815.5234
53833.2305
53850.9297
53868.6406
53886.3516
53904.0547
53921.7578
53939.4609
53957.1719
53974.8789
53966.9453
53944.6367
53922.3203
53900.0195
53877.7031
53855.3984
53833.0859
53810.7734
53788.4688
53766.1563
53743.8516
53721.5391
53699.2266
53678.0000
53657.3242
53636.6523
53615.9844
53595.3047
53574.6367
53553.9609
53533.2930
53512.6250
53491.9453
53471.2773
53450.6016
53429.9336
53445.1094
53477.5039
53509.8906
53542.2852
53574.6719
53607.0625
53639.4609
53671.8438
53704.2422
53736.6328
53769.0273
53801.4219
53833.8047
53828.3047
53806.0234
53783.7383
53761.4570
53739.1797
53716.8906
53694.6094
53672.3242
53650.0391
53627.7656
53605.4766
53583.1992
53560.9102
53579.8594
53615.5938
53651.3438
53687.0820
53722.8320
53758.5781
53794.3125
53830.0625
53865.7969
53901.5508
53937.2930
53973.0273
54008.7813
53995.7461
53964.4766
53933.2188
53901.9570
53870.6875
53839.4297
53808.1641
53776.8984
53745.6406
53714.3750
53683.1172
53651.8516
53620.5898
53602.5117
53588.9258
53575.3516
53561.7656
53548.1875
53534.6094
53521.0313
53507.4531
53493.8711
53480.2891
53466.7109
53453.1328
53439.5547
53461.8359
53495.2656
53528.7031
53562.1328
53595.5547
53628.9961
53662.4336
53695.8594
53729.2891
53762.7188
53796.1523
53829.5938
53863.0195
53850.0938
53824.1250
53798.1406
53772.1641
53746.1953
53720.2188
53694.2500
53668.2656
53642.2891
53616.3164
53590.3438
53564.3711
53538.3906
53532.6289
53531.9883
53531.3516
53530.7070
53530.0703
53529.4297
53528.7891
53528.1523
53527.5156
53526.8711
53526.2305
53525.5938
53524.9531
53526.7031
53528.9883
53531.2773
53533.5664
53535.8555
53538.1406
53540.4297
53542.7188
53545.0078
53547.2930
53549.5859
53551.8750
53554.1602
53520.2578
53479.0742
53437.8984
53396.7305
53355.5469
53314.3750
53273.1953
53232.0156
53190.8477
53149.6641
53108.4961
53067.3125
53026.1328
53017.5195
53014.6406
53011.7617
53008.8828
53006.0000
53003.1211
53000.2422
52997.3594
52994.4805
52991.6016
52988.7227
52985.8438
52982.9648
53000.5898
53021.3438
53042.0938
53062.8477
53083.5938
53104.3516
53125.1055
53145.8555
53166.6133
53187.3594
53208.1172
53228.8711
53249.6211
53201.0000
53143.3789
53085.7383
53028.1094
52970.4883
52912.8477
52855.2266
52797.5859
52739.9570
52682.3242
52624.6953
52567.0781
52509.4336
52564.4609
52631.6602
52698.8555
52766.0352
52833.2422
52900.4414
52967.6367
53034.8281
53102.0117
53169.2266
53236.4336
53303.6133
53370.8125
53395.5508
53416.6094
53437.6719
53458.7188
53479.7734
53500.8203
53521.8828
53542.9375
53563.9883
53585.0430
53606.0938
53627.1523
53648.2109
53607.4336
53562.5313
53517.6406
53472.7266
53427.8164
53382.9258
53338.0234
53293.1328
53248.2227
53203.3125
53158.4180
53113.5156
53068.6211
53044.0859
53020.5117
52996.9453
52973.3789
52949.8125
52926.2422
52902.6719
52879.1094
52855.5430
52831.9727
52808.4063
52784.8320
52761.2734
52737.7773
52714.2852
52690.7891
52667.2930
52643.8047
52620.3086
52596.8203
52573.3281
52549.8281
52526.3398
52502.8438
52479.3516
52455.8633
52450.5234
52445.3672
52440.2148
52435.0625
52429.9141
52424.7617
52419.6094
52414.4570
52409.3047
52404.1523
52399.0000
52393.8516
52388.5313
52360.8398
52333.1523
52305.4531
52277.7656
52250.0703
52222.3789
52194.6914
52166.9922
52139.3086
52111.6094
52083.9180
52056.2305
52060.6758
53330.7266
54601.2852
55871.5898
57141.6406
58412.1953
59682.2500
60952.8047
62223.1094
63493.1641
64763.7188
66033.7734
67304.3281
68520.7422
68513.8750
68507.0000
68500.1406
68493.2656
68486.3984
68479.5313
68472.6641
68465.7969
68458.9219
68452.0547
68445.1875
68438.3203
68427.8594
68360.5234
68293.1875
68225.8828
68158.5625
68091.2500
68023.9141
67956.5781
67889.2734
67821.9531
67754.6406
67687.3047
67619.9766
67554.4453
67510.1875
67465.9531
67421.6875
67377.4297
67333.1875
67288.9375
67244.6875
67200.4297
67156.1719
67111.9297
67067.6797
67023.4375
66982.5391
66973.8047
66965.0859
66956.3594
66947.6328
66938.9063
66930.1719
66921.4531
66912.7188
66904.0000
66895.2734
66886.5469
66877.8203
66862.2500
66792.3906
66722.5313
66652.6563
66582.8125
66512.9375
66443.0938
66373.2344
66303.3594
66233.5156
66163.6406
66093.7969
66023.9375
65958.5000
65922.8594
65887.2109
65851.5781
65815.9297
65780.2813
65744.6406
65708.9922
65673.3516
65637.7109
65602.0547
65566.4219
65530.7656
65494.7500
65456.5000
65418.2461
65380.0039
65341.7500
65303.5078
65265.2578
65227.0078
65188.7656
65150.5078
65112.2578
65074.0195
65035.7656
65002.3516
64993.5234
64984.6953
64975.8672
64967.0313
64958.2109
64949.3750
64940.5469
64931.7188
64922.8906
64914.0625
64905.2305
64896.3984
64885.2266
64863.5273
64841.8281
64820.1250
64798.4219
64776.7188
64755.0156
64733.3203
64711.6133
64689.9141
64668.2109
64646.5117
64624.8125
64602.4648
64577.5391
64552.6211
64527.7031
64502.7813
64477.8594
64452.9336
64428.0156
64403.0977
64378.1797
64353.2578
64328.3281
64303.4141
64282.1133
64273.8906
64265.6641
64257.4375
64249.2109
64240.9844
64232.7656
64224.5313
64216.3125
64208.0859
64199.8594
64191.6328
64183.4063
64172.2109
64151.2930
64130.3789
64109.4609
64088.5391
64067.6172
64046.7031
64025.7891
64004.8672
63983.9531
63963.0313
63942.1172
63921.1992
63896.4688
63860.3945
63824.3164
63788.2500
63752.1797
63716.1055
63680.0352
63643.9570
63607.8906
63571.8125
63535.7461
63499.6758
63463.5977
63434.8008
63425.7500
63416.7031
63407.6523
63398.6055
63389.5547
63380.5078
63371.4609
63362.4063
63353.3594
63344.3125
63335.2617
63326.2148
63308.0039
63266.9570
63225.9297
63184.8906
63143.8594
63102.8281
63061.7813
63020.7578
62979.7148
62938.6875
62897.6484
62856.6094
62815.5820
62782.1641
62766.2227
62750.2734
62734.3242
62718.3828
62702.4297
62686.4844
62670.5352
62654.5859
62638.6406
62622.6875
62606.7422
62590.7969
62549.9336
62456.5156
62363.0625
62269.6484
62176.1953
62082.7617
61989.3438
61895.8906
61802.4570
61709.0195
61615.5859
61522.1719
61428.7188
61299.1211
61099.0078
60898.8867
60698.8047
60498.6484
60298.4883
60098.4102
59898.2930
59698.2148
59498.0547
59297.8984
59097.8203
58897.6992
58730.0508
58620.9727
58511.8906
58402.8477
58293.7891
58184.7461
58075.6641
57966.5781
57857.5430
57748.4805
57639.4414
57530.3555
57421.2773
57303.8555
57172.3750
57040.9219
56909.4141
56777.9023
56646.4492
56514.9688
56383.5156
56252.0078
56120.5000
55989.0430
55857.5664
55726.0820
55625.7227
55573.7852
55521.8633
55469.9297
55418.0000
55366.0703
55314.1250
55262.2031
55210.2734
55158.3438
55106.4141
55054.4727
55002.5508
54934.8203
54844.2891
54753.7461
54663.1875
54572.6563
54482.0977
54391.5703
54301.0273
54210.4648
54119.9375
54029.3789
53938.8516
53848.3086
53765.9922
53694.8125
53623.6016
53552.4219
53481.2266
53410.0156
53338.8359
53267.6289
53196.4453
53125.2539
53054.0430
52982.8594
52911.6563
52839.1523
52764.9844
52690.8008
52616.6484
52542.4648
52468.3125
52394.1406
52319.9570
52245.8008
52171.6211
52097.4609
52023.2969
51949.1133
51871.1406
51788.6719
51706.2344
51623.7773
51541.3086
51458.8750
51376.4023
51293.9688
51211.4961
51129.0391
51046.6055
50964.1328
50881.6992
50802.5781
50727.1211
50651.6836
50576.2148
50500.7734
50425.3008
50349.8438
50274.4063
50198.9375
50123.4922
50048.0234
49972.5664
49897.1289
49814.4688
49724.5352
49634.5625
49544.6133
49454.6797
49364.7109
49274.7422
49184.8086
49094.8594
49004.9258
48914.9531
48824.9883
48735.0547
48633.4258
48520.7344
48408.0469
48295.3594
48182.6680
48069.9766
47957.2891
47844.5977
47731.9102
47619.2188
47506.5313
47393.8438
47281.1484
47185.6758
47105.4063
47025.1406
46944.8750
46864.6094
46784.3398
46704.0742
46623.8047
46543.5391
46463.2734
46383.0078
46302.7383
46222.4727
46122.2148
46005.4883
45888.7656
45772.0391
45655.3125
45538.5898
45421.8633
45305.1406
45188.4141
45071.6875
44954.9609
44838.2383
44721.5156
44549.5703
44335.2500
44120.9297
43906.6094
43692.2891
43477.9688
43263.6484
43049.3281
42835.0078
42620.6875
42406.3672
42192.0469
41977.7266
41230.1641
40101.5156
38972.8672
37844.2148
36715.5625
35586.9102
34457.8125
33329.6055
32200.9551
31072.3047
29943.6523
28814.5547
27686.3477
27241.0996
27250.2480
27259.3945
27268.5488
27277.6934
27286.8418
27295.9922
27305.1406
27314.2910
27323.4375
27332.5859
27341.7324
27350.8828
27361.7617
27373.6992
27385.6406
27397.5801
27409.5215
27421.4688
27433.4023
27445.3438
27457.2852
27469.2266
27481.1719
27493.1074
27505.0488
27531.3145
27565.7949
27600.2871
27634.7520
27669.2324
27703.7129
27738.1914
27772.6875
27807.1504
27841.6309
27876.1113
27910.5898
27945.0840
27949.4805
27937.9023
27926.3320
27914.7578
27903.1816
27891.6133
27880.0332
27868.4648
27856.8906
27845.3125
27833.7441
27822.1641
27810.5957
27799.1797
27787.8379
27776.5020
27765.1602
27753.8203
27742.4863
27731.1426
27719.8086
27708.4648
27697.1250
27685.7930
27674.4492
27663.1133
27661.3555
27663.9395
27666.5254
27669.1133
27671.6992
27674.2871
27676.8730
27679.4590
27682.0469
27684.6328
27687.2188
27689.8066
27692.3926
27716.9629
27750.7070
27784.4492
27818.1914
27851.9219
27885.6758
27919.4199
27953.1621
27986.9063
28020.6484
28054.3906
28088.1328
28121.8750
28101.5820
28060.5879
28019.5957
27978.6035
27937.6113
27896.6172
27855.6250
27814.6328
27773.6406
27732.6484
27691.6563
27650.6602
27609.6680
27599.9082
27601.0898
27602.2734
27603.4570
27604.6406
27605.8242
27607.0078
27608.1914
27609.3711
27610.5566
27611.7402
27612.9219
27614.1055
27606.6523
27596.4355
27586.2207
27576.0078
27565.7930
27555.5781
27545.3633
27535.1484
27524.9336
27514.7188
27504.5039
27494.2910
27484.0762
27480.1699
27478.0918
27476.0137
27473.9355
27471.8594
27469.7813
27467.7031
27465.6250
27463.5469
27461.4688
27459.3906
27457.3125
27455.2363
27467.4258
27483.3496
27499.2695
27515.1914
27531.1133
27547.0352
27562.9551
27578.8789
27594.7969
27610.7207
27626.6426
27642.5625
27658.4844
27683.1445
27709.8516
27736.5586
27763.2676
27789.9746
27816.6836
27843.3984
27870.0957
27896.8047
27923.5117
27950.2188
27976.9355
28003.6348
28012.6816
28018.0527
28023.4219
28028.7969
28034.1641
28039.5352
28044.9043
28050.2754
28055.6484
28061.0156
28066.3867
28071.7598
28077.1289
28072.3926
28065.8125
28059.2285
28052.6445
28046.0605
28039.4727
28032.8906
28026.3086
28019.7227
28013.1406
28006.5547
27999.9727
27993.3867
27987.7695
27982.3086
27976.8418
27971.3828
27965.9180
27960.4531
27954.9922
27949.5254
27944.0645
27938.6016
27933.1387
27927.6738
27922.2109
27878.4004
27829.3340
27780.3086
27731.2637
27682.1992
27633.1719
27584.1074
27535.0820
27486.0352
27436.9727
27387.9453
27338.8809
27289.8555
27257.2891
27226.5977
27195.9277
27165.2344
27134.5645
27103.8828
27073.1914
27042.5234
27011.8281
26981.1602
26950.4785
26919.7871
26889.1172
26869.8496
26851.6621
26833.4648
26815.2617
26797.0723
26778.8691
26760.6797
26742.4844
26724.2813
26706.0918
26687.8867
26669.6992
26651.5020
26612.5469
26572.1133
26531.6484
26491.2148
26450.7676
26410.3047
26369.8711
26329.4063
26288.9727
26248.5098
26208.0605
26167.6289
26127.1641
26102.4180
26078.4766
26054.5449
26030.6230
26006.6797
25982.7578
25958.8164
25934.8867
25910.9648
25887.0215
25863.0996
25839.1582
25815.2266
25808.9219
25803.2031
25797.4902
25791.7715
25786.0547
25780.3438
25774.6250
25768.9102
25763.1934
25757.4766
25751.7637
25746.0469
25740.3301
25742.0352
25743.8555
25745.6738
25747.4941
25749.3125
25751.1328
25752.9492
25754.7695
25756.5879
25758.4102
25760.2285
25762.0469
25763.8848
25776.1484
25788.4102
25800.6680
25812.9297
25825.1875
25837.4473
25849.7070
25861.9648
25874.2246
25886.4844
25898.7422
25911.0020
25923.1992
25932.2695
25941.3379
25950.4082
25959.4785
25968.5469
25977.6172
25986.6875
25995.7578
26004.8281
26013.8984
26022.9688
26032.0391
26041.6543
26065.4023
26089.1504
26112.8984
26136.6445
26160.3945
26184.1406
26207.8887
26231.6367
26255.3848
26279.1328
26302.8809
26326.6270
26349.3594
26354.5117
26359.6621
26364.8125
26369.9648
26375.1152
26380.2656
26385.4180
26390.5703
26395.7207
26400.8711
26406.0215
26411.1738
26414.8574
26399.6602
26384.4629
26369.2656
26354.0684
26338.8711
26323.6738
26308.4766
26293.2793
26278.0820
26262.8848
26247.6875
26232.4902
26221.3594
26251.5703
26281.7813
26311.9922
26342.2031
26372.4141
26402.6250
26432.8359
26463.0469
26493.2578
26523.4688
26553.6777
26583.8887
26608.5098
26586.4551
26564.4004
26542.3457
26520.2910
26498.2344
26476.1797
26454.1270
26432.0703
26410.0156
26387.9629
26365.9082
26343.8535
26321.1621
26294.0039
26266.8457
26239.6875
26212.5293
26185.3711
26158.2109
26131.0547
26103.8965
26076.7383
26049.5781
26022.4219
25995.2637
25975.1055
25997.3125
26019.5176
26041.7227
26063.9297
26086.1328
26108.3398
26130.5469
26152.7520
26174.9570
26197.1621
26219.3770
26241.5742
26259.5059
26254.8750
26250.2441
26245.6133
26240.9844
26236.3555
26231.7227
26227.0938
26222.4609
26217.8340
26213.2031
26208.5742
26203.9434
26203.7949
26224.4863
26245.1934
26265.8848
26286.5820
26307.2891
26327.9805
26348.6875
26369.3789
26390.0781
26410.7852
26431.4746
26452.1816
26469.8867
26475.2051
26480.5273
26485.8477
26491.1699
26496.4883
26501.8086
26507.1289
26512.4492
26517.7695
26523.0898
26528.4082
26533.7305
26537.2988
26534.3457
26531.3945
26528.4453
26525.4922
26522.5430
26519.5898
26516.6387
26513.6875
26510.7344
26507.7852
26504.8320
26501.8809
26503.4590
26520.2988
26537.1250
26553.9629
26570.7891
26587.6270
26604.4590
26621.2852
26638.1230
26654.9492
26671.7891
26688.6191
26705.4453
26730.7480
26781.8457
26832.9844
26884.1055
26935.2031
26986.3438
27037.4453
27088.5859
27139.7031
27190.8027
27241.9434
27293.0430
27344.1816
27384.1602
27393.1172
27402.0781
27411.0352
27419.9980
27428.9570
27437.9121
27446.8750
27455.8281
27464.7930
27473.7520
27482.7070
27491.6699
27507.3496
27540.2227
27573.0820
27605.9297
27638.8008
27671.6484
27704.5234
27737.3828
27770.2305
27803.1016
27835.9492
27868.8223
27901.6816
27934.1699
27965.7793
27997.3750
28029.0000
28060.6094
28092.2188
28123.8301
28155.4277
28187.0508
28218.6621
28250.2715
28281.8809
28313.4805
28334.7734
28333.7578
28332.7402
28331.7246
28330.7090
28329.6914
28328.6758
28327.6602
28326.6445
28325.6270
28324.6113
28323.5938
28322.5781
28337.3984
28383.8086
28430.2148
28476.6211
28523.0273
28569.4336
28615.8398
28662.2461
28708.6543
28755.0605
28801.4668
28847.8730
28894.2813
28936.1816
28969.7715
29003.3594
29036.9492
29070.5352
29104.1250
29137.7148
29171.3027
29204.8906
29238.4805
29272.0684
29305.6582
29339.2461
29369.9922
29395.8730
29421.7539
29447.6367
29473.5156
29499.3984
29525.2813
29551.1602
29577.0430
29602.9238
29628.8047
29654.6855
29680.5664
29724.1191
29795.7422
29867.3672
29938.9883
30010.6133
30082.2344
30153.8594
30225.4805
30297.1055
30368.7285
30440.3516
30511.9746
30583.5996
30643.8262
30687.2168
30730.6074
30774.0000
30817.3906
30860.7813
30904.1738
30947.5645
30990.9570
31034.3477
31077.7383
31121.1309
31164.5215
31204.5684
31240.0156
31275.4629
31310.9102
31346.3574
31381.8047
31417.2539
31452.6992
31488.1484
31523.5938
31559.0430
31594.4883
31629.9375
31675.4453
31733.8262
31792.2109
31850.5918
31908.9766
31967.3574
32025.7422
32084.1250
32142.5078
32200.8906
32259.2734
32317.6543
32376.0371
32454.4824
32556.7305
32659.0156
32761.3047
32863.5898
32965.9180
33068.1641
33170.4531
33272.7383
33375.0273
33477.3516
33579.6016
33681.8867
33782.3438
33880.7656
33979.2227
34077.6055
34176.0273
34274.4453
34372.8672
34471.3281
34569.7109
34668.1328
34766.5508
34864.9727
34963.4336
35043.7813
35105.4727
35167.1602
35228.8516
35290.5625
35352.2266
35413.9141
35475.6328
35537.2969
35599.0078
35660.6719
35722.3633
35784.0742
35866.4648
35968.9570
36071.3711
36173.8242
36276.3203
36378.7344
36481.2266
36583.6406
36686.1328
36788.5898
36891.0039
36993.5000
37095.9102
37218.4180
37358.9102
37499.3438
37639.8906
37780.3242
37920.8672
38061.3594
38201.7930
38342.3398
38482.7734
38623.3203
38763.8125
38904.2461
39008.6367
39082.5859
39156.5977
39230.5781
39304.5313
39378.5391
39452.4922
39526.5039
39600.4844
39674.4336
39748.4453
39822.3945
39896.4063
39948.9180
39984.6094
40020.3320
40056.0273
40091.7500
40127.4609
40163.1523
40198.8750
40234.5703
40270.2930
40306.0000
40341.6953
40377.4219
40395.1836
40399.8750
40404.5664
40409.2578
40413.9492
40418.6406
40423.3320
40428.0234
40432.7148
40437.4063
40442.0938
40446.7891
40451.4805
40451.6914
40448.8594
40446.0352
40443.2031
40440.3750
40437.5469
40434.7188
40431.8906
40429.0625
40426.2344
40423.4023
40420.5742
40417.7461
40425.3672
40439.5820
40453.7969
40468.0078
40482.2148
40496.4336
40510.6484
40524.8594
40539.0742
40553.2813
40567.5000
40581.7109
40595.9258
40611.0117
40626.6016
40642.2031
40657.8047
40673.4023
40689.0000
40704.5938
40720.1953
40735.7930
40751.3906
40766.9883
40782.5859
40798.1875
40791.3789
40772.4141
40753.4453
40734.4805
40715.5156
40696.5469
40677.5781
40658.6133
40639.6484
40620.6797
40601.7148
40582.7500
40563.7813
40560.3438
40564.7070
40569.0625
40573.4258
40577.7852
40582.1484
40586.5078
40590.8672
40595.2266
40599.5859
40603.9492
40608.3086
40612.6680
40612.7266
40610.7852
40608.8438
40606.9063
40604.9609
40603.0234
40601.0820
40599.1406
40597.2031
40595.2617
40593.3203
40591.3789
40589.4414
40602.7227
40622.5156
40642.3086
40662.1016
40681.8945
40701.6875
40721.4805
40741.2734
40761.0664
40780.8594
40800.6523
40820.4453
40840.2383
40836.7344
40824.0820
40811.4297
40798.7734
40786.1211
40773.4688
40760.8125
40748.1563
40735.5039
40722.8516
40710.1953
40697.5430
40684.8867
40698.6875
40722.0039
40745.3164
40768.6328
40791.9531
40815.2656
40838.5820
40861.8984
40885.2266
40908.5313
40931.8516
40955.1680
40978.4844
40977.7266
40969.0742
40960.4180
40951.7617
40943.1055
40934.4453
40925.7930
40917.1367
40908.4805
40899.8242
40891.1641
40882.5117
40873.8555
40862.8594
40851.1523
40839.4531
40827.7539
40816.0547
40804.3555
40792.6563
40780.9531
40769.2539
40757.5547
40745.8516
40734.1523
40722.4492
40717.2695
40713.8398
40710.4141
40706.9844
40703.5586
40700.1328
40696.7031
40693.2734
40689.8477
40686.4180
40682.9922
40679.5625
40676.1367
40659.9688
40640.7109
40621.4648
40602.2070
40582.9609
40563.7109
40544.4531
40525.2070
40505.9453
40486.6992
40467.4492
40448.1914
40428.9453
40396.0859
40360.3203
40324.5352
40288.7422
40252.9766
40217.1797
40181.4141
40145.6328
40109.8398
40074.0742
40038.2773
40002.5117
39966.7305
39921.9609
39875.5156
39829.0352
39782.5742
39736.1289
39689.6484
39643.2070
39596.7266
39550.2656
39503.8203
39457.3398
39410.8945
39364.4180
40250.1992
41290.1484
42330.9219
43370.8750
44411.6484
45452.0117
46491.9648
47532.7383
48572.6914
49613.4688
50653.8281
51694.1914
52734.5547
52872.3125
52881.3633
52890.4180
52899.4688
52908.5156
52917.5625
52926.6172
52935.6641
52944.7188
52953.7656
52962.8125
52971.8711
52980.9180
52984.0938
52986.5625
52989.0313
52991.5000
52993.9688
52996.4375
52998.9063
53001.3750
53003.8438
53006.3164
53008.7891
53011.2539
53013.7227
52995.7188
52975.6875
52955.6641
52935.6328
52915.6094
52895.5781
52875.5469
52855.5195
52835.4922
52815.4727
52795.4336
52775.4063
52755.3750
52765.7383
52778.4688
52791.2070
52803.9453
52816.6797
52829.4141
52842.1484
52854.8828
52867.6172
52880.3516
52893.0859
52905.8203
52918.5547
52886.4258
52851.6836
52816.9375
52782.1953
52747.4492
52712.7031
52677.9609
52643.2148
52608.4688
52573.7266
52538.9805
52504.2383
52469.4922
52392.0898
52313.0195
52233.9531
52154.8828
52075.8125
51996.7461
51917.6797
51838.6094
51759.5352
51680.4688
51601.3984
51522.3281
51443.2617
51227.9063
51009.7422
50791.5742
50573.4102
50355.2422
50137.0781
49918.9141
49700.7500
49482.5781
49264.4141
49046.2500
48828.0859
48609.9180
48826.3125
49043.9180
49261.5234
49479.1250
49696.7266
49914.3320
50131.9375
50349.5391
50567.1484
50784.7500
51002.3555
51219.9570
51437.1953
51629.7969
51822.3945
52014.9961
52207.5938
52400.1953
52592.7969
52785.3945
52977.9961
53170.5977
53363.1953
53555.7969
53748.4727
53937.7109
54027.9141
54118.1172
54208.3203
54298.5547
54388.7266
54478.9297
54569.1328
54659.3359
54749.5703
54839.7422
54929.9453
55020.1445
55073.0977
54410.8086
53749.0430
53087.0195
52424.9922
51762.9688
51100.6797
50438.9219
49776.8906
49114.8672
48452.8438
47790.5547
47128.7930
46575.2695
47533.7461
48492.2266
49451.0820
50409.1797
51367.6563
52326.1328
53284.6094
54243.4688
55201.5625
56160.0391
57118.5195
58076.9922
58937.1328
58731.3867
58525.5547
58319.7266
58113.8984
57907.9844
57702.2344
57496.3242
57290.5742
57084.7461
56878.8320
56673.0859
56467.1719
56283.2070
56291.2656
56299.3359
56307.3984
56315.4688
56323.5273
56331.5938
56339.6602
56347.7266
56355.7891
56363.8516
56371.9180
56379.9844
56387.9258
56394.9688
56402.0039
56409.0391
56416.0781
56423.1172
56430.1563
56437.1953
56444.2344
56451.2734
56458.3086
56465.3477
56472.3828
56478.3438
56477.4727
56476.6016
56475.7305
56474.8594
56473.9922
56473.1172
56472.2500
56471.3750
56470.5078
56469.6406
56468.7656
56467.8945
56467.3828
56468.7969
56470.2188
56471.6406
56473.0625
56474.4805
56475.8984
56477.3203
56478.7383
56480.1563
56481.5781
56483.0000
56484.4180
56483.0898
56468.5195
56453.9336
56439.3633
56424.7813
56410.2031
56395.6328
56381.0508
56366.4766
56351.8984
56337.3203
56322.7500
56308.1680
55941.9844
54070.8164
52199.6484
50329.2188
48457.3125
46586.1406
44714.9688
42843.8008
40973.3750
39101.4609
37230.2969
35359.1250
33487.9570
31984.2129
31889.4316
31794.6855
31699.9395
31605.1934
31510.4863
31415.7031
31320.9570
31226.2109
31131.4648
31036.7578
30941.9727
30847.2266
30742.9023
30605.4355
30467.9688
30330.5020
30193.0352
30055.5664
29918.1016
29780.6348
29643.1680
29505.6992
29368.2344
29230.7676
29093.3008
28959.8789
28839.1504
28718.4219
28597.6934
28476.9648
28356.2383
28235.5098
28114.7813
27994.0547
27873.3262
27752.5977
27631.8691
27511.1406
27389.5488
27265.4766
27141.4063
27017.3379
26893.2676
26769.1992
26645.1289
26521.0586
26396.9883
26272.9180
26148.8516
26024.7793
25900.7090
25753.7520
25546.9219
25340.0938
25133.2617
24926.4316
24719.6016
24512.7695
24305.9395
24099.1094
23892.2793
23685.4492
23478.6172
23271.7871
23237.8594
23619.1758
24000.4922
24381.8105
24763.1289
25144.4453
25525.7637
25907.0801
26288.3984
26669.7148
27051.0313
27432.3496
27813.6680
28124.5879
28279.8477
28435.1055
28590.3672
28745.6250
28900.8828
29056.1445
29211.4043
29366.6641
29521.9219
29677.1816
29832.4414
29987.7012
30101.5488
30130.8711
30160.1953
30189.5195
30218.8438
30248.1680
30277.4922
30306.8164
30336.1406
30365.4648
30394.7871
30424.1113
30453.4355
30469.3281
30459.8652
30450.4023
30440.9375
30431.4727
30422.0117
30412.5430
30403.0820
30393.6172
30384.1543
30374.6914
30365.2227
30355.7637
30305.7754
30184.8945
30064.0117
29943.0801
29822.2461
29701.3633
29580.4785
29459.5957
29338.6660
29217.8320
29096.9473
28976.0645
28855.1816
28660.2930
28345.6895
28030.8359
27716.2344
27401.5078
27086.6563
26772.0508
26457.1992
26142.5977
25827.8672
25513.0176
25198.4121
24883.5625
24544.2383
24167.4844
23790.5859
23413.9844
23037.0820
22660.4805
22283.7305
21906.8281
21530.2266
21153.3262
20776.7246
20399.9727
20023.0723
19797.3164
19783.1641
19769.0215
19754.8750
19740.7227
19726.5820
19712.4297
19698.2891
19684.1406
19669.9883
19655.8477
19641.6953
19627.5547
19608.0098
19581.3965
19554.8047
19528.1914
19501.6016
19475.0000
19448.3867
19421.7969
19395.1836
19368.5918
19341.9805
19315.3789
19288.7891
19271.2598
19264.7910
19258.3145
19251.8438
19245.3730
19238.8984
19232.4277
19225.9531
19219.4824
19213.0117
19206.5371
19200.0684
19193.5918
19183.4727
19169.2207
19154.9570
19140.7070
19126.4434
19112.1875
19097.9336
19083.6719
19069.4219
19055.1582
19040.9004
19026.6504
19012.3867
19016.5957
19040.3516
19064.0977
19087.8359
19111.5938
19135.3320
19159.0879
19182.8340
19206.5723
19230.3301
19254.0664
19277.8242
19301.5703
19293.9961
19255.4941
19217.0273
19178.5273
19140.0430
19101.5566
19063.0723
19024.6035
18986.1035
18947.6191
18909.1348
18870.6484
18832.1797
18803.7246
18784.5195
18765.3145
18746.1094
18726.9121
18707.6992
18688.4922
18669.2891
18650.0840
18630.8789
18611.6738
18592.4668
18573.2637
18544.4727
18507.4609
18470.4512
18433.4414
18396.4316
18359.4238
18322.4141
18285.4043
18248.3945
18211.3848
18174.3750
18137.3652
18100.3555
18070.7773
18047.1348
18023.4941
17999.8516
17976.2109
17952.5684
17928.9277
17905.2852
17881.6445
17858.0039
17834.3613
17810.7188
17787.0781
17761.3711
17734.1270
17706.8828
17679.6367
17652.3906
17625.1465
17597.9023
17570.6563
17543.4141
17516.1680
17488.9238
17461.6777
17434.4336
17406.6875
17378.5898
17350.4961
17322.4023
17294.3047
17266.2109
17238.1152
17210.0195
17181.9258
17153.8301
17125.7344
17097.6387
17069.5430
17043.2773
17018.1875
16993.0996
16968.0117
16942.9219
16917.8340
16892.7461
16867.6563
16842.5664
16817.4785
16792.3887
16767.3008
16742.2109
16725.8926
16714.8242
16703.7539
16692.6855
16681.6152
16670.5469
16659.4766
16648.4063
16637.3379
16626.2676
16615.1973
16604.1289
16593.0586
16513.6934
16396.4141
16279.1367
16161.8574
16044.5781
15927.2988
15810.0195
15692.7422
15575.4629
15458.1836
15340.9043
15223.6250
15106.3467
14902.2285
14653.4668
14404.7061
14155.9453
13907.1826
13658.4219
13409.6602
13160.8984
12912.1367
12663.3770
12414.5156
12165.8535
11917.0918
11299.9502
10507.7695
9715.2744
8923.4072
8131.2261
7339.0449
6546.8638
5754.3691
4962.5020
4170.3203
3378.1396
2585.9585
1793.4635
1552.5093
1552.6383
1552.7675
1552.8965
1553.0256
1553.1545
1553.2837
1553.4128
1553.5417
1553.6709
1553.7998
1553.9290
1554.0581
1554.0951
1554.0951
1554.0951
1554.0951
1554.0951
1554.0951
1554.0951
1554.0951
1554.0951
1554.0951
1554.0951
1554.0951
1554.0951
1554.0767
1554.0514
1554.0262
1554.0010
1553.9758
1553.9504
1553.9253
1553.9001
1553.8749
1553.8496
1553.8243
1553.7992
1553.7740
1553.7944
1553.8303
1553.8661
1553.9020
1553.9377
1553.9736
1554.0095
1554.0454
1554.0812
1554.1171
1554.1528
1554.1887
1554.2247
1554.2241
1554.2125
1554.2008
1554.1893
1554.1777
1554.1660
1554.1543
1554.1428
1554.1312
1554.1195
1554.1079
1554.0962
1554.0847
1554.0822
1554.0822
1554.0822
1554.0820
1554.0822
1554.0822
1554.0822
1554.0822
1554.0822
1554.0822
1554.0820
1554.0822
1554.0822
1554.0934
1554.1074
1554.1213
1554.1355
1554.1494
1554.1636
1554.1775
1554.1915
1554.2057
1554.2196
1554.2336
1554.2477
1554.2617
1554.6771
1555.1819
1555.6865
1556.1913
1556.6958
1557.2009
1557.7056
1558.2104
1558.7151
1559.2196
1559.7246
1560.2294
1560.7341
1560.8295
1560.8441
1560.8586
1560.8733
1560.8877
1560.9023
1560.9170
1560.9315
1560.9460
1560.9606
1560.9751
1560.9897
1561.0043
1561.0066
1561.0065
1561.0065
1561.0066
1561.0065
1561.0065
1561.0065
1561.0065
1561.0065
1561.0065
1561.0065
1561.0065
1561.0065
1561.0359
1561.0697
1561.1035
1561.1373
1561.1711
1561.2051
1561.2388
1561.2727
1561.3064
1561.3403
1561.3740
1561.4080
1561.4417
1561.4456
1561.4456
1561.4456
1561.4456
1561.4456
1561.4456
1561.4456
1561.4456
1561.4456
1561.4456
1561.4456
1561.4456
1561.4456
1562.3040
1563.2529
1564.2007
1565.1497
1566.0986
1567.0464
1567.9954
1568.9440
1569.8922
1570.8411
1571.7897
1572.7378
1573.6871
1573.6461
1573.5222
1573.3982
1573.2743
1573.1503
1573.0262
1572.9023
1572.7783
1572.6543
1572.5304
1572.4065
1572.2823
1572.1584
1572.1510
1572.1510
1572.1510
1572.1511
1572.1510
1572.1510
1572.1510
1572.1510
1572.1510
1572.1510
1572.1510
1572.1510
1572.1510
1572.1340
1572.1162
1572.0983
1572.0806
1572.0627
1572.0449
1572.0271
1572.0093
1571.9915
1571.9736
1571.9558
1571.9381
1571.9202
1574.3376
1576.8165
1579.2964
1581.7771
1584.2560
1586.7358
1589.2167
1591.6965
1594.1753
1596.6561
1599.1339
1601.6147
1604.0956
1604.1857
1604.2576
1604.3296
1604.4015
1604.4735
1604.5454
1604.6174
1604.6895
1604.7614
1604.8333
1604.9053
1604.9772
1605.0485
1605.0485
1605.0485
1605.0485
1605.0485
1605.0485
1605.0485
1605.0485
1605.0485
1605.0485
1605.0485
1605.0485
1605.0486
1605.0492
1605.0769
1605.1046
1605.1323
1605.1600
1605.1877
1605.2155
1605.2432
1605.2709
1605.2986
1605.3262
1605.3540
1605.3816
1605.4081
1605.4081
1605.4081
1605.4081
1605.4081
1605.4081
1605.4081
1605.4081
1605.4081
1605.4081
1605.4080
1605.4081
1605.4081
1605.4081
1605.4081
1605.4081
1605.4081
1605.4081
1605.4081
1605.4081
1605.4081
1605.4081
1605.4080
1605.4081
1605.4081
1605.4081
1605.4161
1605.5171
1605.6183
1605.7194
1605.8204
1605.9214
1606.0226
1606.1237
1606.2247
1606.3258
1606.4269
1606.5280
1606.6290
1606.7922
1607.5336
1608.2750
1609.0156
1609.7571
1610.4987
1611.2393
1611.9807
1612.7217
1613.4629
1614.2045
1614.9458
1615.6866
1616.3528
1616.4357
1616.5184
1616.6013
1616.6842
1616.7671
1616.8499
1616.9327
1617.0156
1617.0985
1617.1813
1617.2642
1617.3470
1617.4298
1617.5129
1617.5958
1617.6787
1617.7617
1617.8447
1617.9276
1618.0106
1618.0935
1618.1765
1618.2594
1618.3424
1618.4254
1618.4960
1618.4960
1618.4960
1618.4960
1618.4961
1618.4960
1618.4960
1618.4960
1618.4960
1618.4960
1618.4960
1618.4960
1618.4960
1617.9164
1614.4315
1610.9482
1607.4663
1603.9814
1600.4983
1597.0149
1593.5302
1590.0481
1586.5648
1583.0801
1579.5995
1576.1149
1573.1067
1572.2056
1571.3033
1570.4015
1569.5000
1568.5979
1567.6960
1566.7944
1565.8923
1564.9905
1564.0889
1563.1865
1562.2849
1561.5870
1561.6969
1561.8066
1561.9164
1562.0262
1562.1360
1562.2457
1562.3555
1562.4653
1562.5750
1562.6848
1562.7946
1562.9044
1562.9910
1562.9948
1562.9984
1563.0021
1563.0060
1563.0096
1563.0134
1563.0171
1563.0209
1563.0247
1563.0283
1563.0320
1563.0359
1563.0441
1563.0671
1563.0901
1563.1130
1563.1361
1563.1592
1563.1821
1563.2051
1563.2281
1563.2511
1563.2740
1563.2971
1563.3202
1563.3373
1563.3373
1563.3373
1563.3373
1563.3373
1563.3373
1563.3373
1563.3373
1563.3373
1563.3372
1563.3373
1563.3373
1563.3373
1563.3372
1563.3373
1563.3373
1563.3373
1563.3373
1563.3373
1563.3373
1563.3373
1563.3373
1563.3373
1563.3373
1563.3373
1563.3373
1565.3049
1572.1056
1578.9116
1585.7095
1592.5154
1599.3215
1606.1194
1612.9255
1619.7288
1626.5320
1633.3381
1640.1388
1646.9420
1649.4213
1642.1183
1634.8123
1627.5034
1620.1973
1612.8943
1605.5854
1598.2794
1590.9763
1583.6675
1576.3673
1569.0583
1561.7495
1560.2367
1570.8406
1581.4318
1592.0272
1602.6267
1613.2180
1623.8135
1634.4131
1645.0043
1655.5997
1666.1993
1676.7948
1687.3860
1697.4999
1706.6729
1715.8423
1725.0190
1734.1849
1743.3616
1752.5419
1761.7076
1770.8844
1780.0538
1789.2268
1798.4036
1807.5730
1817.3602
1828.2505
1839.1321
1850.0179
1860.9081
1871.7941
1882.6757
1893.5659
1904.4518
1915.3334
1926.2235
1937.1008
1947.9954
1954.7841
1954.7842
1954.7844
1954.7847
1954.7849
1954.7849
1954.7853
1954.7855
1954.7856
1954.7859
1954.7861
1954.7864
1954.7865
1954.7866
1954.7866
1954.7866
1954.7866
1954.7866
1954.7866
1954.7866
1954.7866
1954.7866
1954.7866
1954.7866
1954.7866
1954.7866
1954.7866
1954.7865
1954.7864
1954.7864
1954.7863
1954.7861
1954.7861
1954.7860
1954.7860
1954.7859
1954.7859
1954.7858
1954.7858
1954.7856
1954.7859
1954.7860
1954.7861
1954.7863
1954.7864
1954.7865
1954.7866
1954.7867
1954.7869
1954.7870
1954.7871
1954.7874
1954.7874
1954.7874
1954.7874
1954.7874
1954.7874
1954.7874
1954.7874
1954.7874
1954.7874
1954.7874
1954.7874
1954.7874
1954.7874
1954.7874
1954.7874
1954.7874
1954.7874
1954.7874
1954.7874
1954.7874
1954.7874
1954.7874
1954.7874
1954.7874
1954.7874
1954.7874
1954.7874
1954.7874
1954.7874
1954.7874
1954.7874
1954.7874
1954.7874
1954.7874
1954.7874
1954.7874
1954.7874
1954.7874
1954.7874
1954.7874
1954.7874
1954.7874
1954.7874
1954.7874
1954.7874
1954.7874
1954.7874
1954.7874
1954.7874
1954.7874
1954.7874
1954.7874
1954.7871
1954.7867
1954.7864
1954.7859
1954.7855
1954.7852
1954.7848
1954.7844
1954.7839
1954.7837
1954.7832
1954.7828
1954.7825
1954.7822
1954.7822
1954.7822
1954.7822
1954.7822
1954.7822
1954.7822
1954.7822
1954.7822
1954.7822
1954.7822
1954.7822
1954.7822
1954.7822
1954.7822
1954.7822
1954.7822
1954.7822
1954.7822
1954.7822
1954.7822
1954.7822
1954.7822
1954.7822
1954.7822
1954.7822
1954.7822
1954.7822
1954.7822
1954.7822
1954.7822
1954.7822
1954.7822
1954.7822
1954.7822
1954.7822
1954.7822
1954.7822
1954.7822
1954.7822
1954.7822
1954.7822
1954.7822
1954.7822
1954.7822
1954.7822
1954.7822
1954.7822
1954.7822
1954.7822
1954.7822
1954.7822
1954.7822
1954.7825
1954.7825
1954.7827
1954.7828
1954.7830
1954.7832
1954.7832
1954.7833
1954.7834
1954.7837
1954.7837
1954.7839
1954.7839
1954.7838
1954.7837
1954.7837
1954.7837
1954.7836
1954.7834
1954.7834
1954.7833
1954.7832
1954.7832
1954.7831
1954.7830
1954.7830
1954.7830
1954.7830
1954.7830
1954.7830
1954.7830
1954.7830
1954.7830
1954.7830
1954.7830
1954.7830
1954.7830
1954.7830
1954.7830
1954.7830
1954.7830
1954.7830
1954.7830
1954.7830
1954.7830
1954.7830
1954.7830
1954.7830
1954.7830
1954.7830
1954.7830
1954.7830
1954.7830
1954.7830
1954.7830
1954.7830
1954.7830
1954.7830
1954.7830
1954.7830
1954.7830
1954.7830
1954.7830
1954.7830
1946.3514
1934.1420
1921.9374
1909.7231
1897.5137
1885.3091
1873.0947
1860.8854
1848.6807
1836.4615
1824.2617
1812.0475
1799.8333
1786.3984
1772.4382
1758.4891
1744.5343
1730.5741
1716.6250
1702.6702
1688.7100
1674.7552
1660.8062
1646.8459
1632.8911
1618.9419
1524.8567
1400.4509
1276.0453
1151.5903
