numLayer 130
0.035433
0.035433
0.029134
0.0025591
0.0033465
0.0035433
0.0043307
0.0049213
0.0051181
0.0059055
0.0061024
0.0076772
0.0098425
0.025787
0.035433
0.035433
0.0023622
0.0023622
0.0031496
0.0029528
0.0033465
0.0031496
0.0037402
0.0047244
0.0057087
0.0051181
0.0064961
0.0080709
0.007874
0.0076772
0.0080709
0.0076772
0.0080709
0.007874
0.007874
0.007874
0.0086614
0.007874
0.0072835
0.0080709
0.007874
0.0076772
0.0082677
0.0082677
0.0072835
0.0080709
0.007874
0.0080709
0.0082677
0.0072835
0.0057087
0.0074803
0.007874
0.0072835
0.0068898
0.0072835
0.007874
0.0074803
0.0057087
0.0082677
0.0062992
0.0057087
0.0057087
0.0059055
0.005315
0.010236
0.0043307
0.0031496
0.0027559
0.0023622
0.012008
0.029921
0.011024
0.0023622
0.0023622
0.0025591
0.0023622
0.0023622
0.0025591
0.0023622
0.0025591
0.0023622
0.0027559
0.0029528
0.0027559
0.0035433
0.0033465
0.0037402
0.0041339
0.0043307
0.0051181
0.003937
0.0045276
0.0057087
0.0059055
0.0059055
0.0064961
0.0076772
0.0094488
0.02126
0.012008
0.0090551
0.0082677
0.0062992
0.005315
0.0049213
0.0057087
0.0055118
0.0051181
0.0041339
0.0041339
0.0037402
0.0037402
0.0031496
0.0029528
0.0029528
0.0025591
0.0025591
0.0023622
0.0027559
0.0025591
0.0025591
0.0023622
0.0023622
0.0023622
0.0023622
0.0023622
0.0023622
0.0023622
0.0023622
