numLayer 177
0.035433
0.035433
0.035433
0.035433
0.035433
0.035433
0.035433
0.0037402
0.0029528
0.0031496
0.0031496
0.0031496
0.0033465
0.0035433
0.0035433
0.0035433
0.0037402
0.0037402
0.0035433
0.003937
0.0043307
0.0043307
0.0041339
0.0043307
0.0043307
0.0047244
0.0051181
0.0049213
0.0049213
0.0049213
0.0051181
0.0049213
0.005315
0.0055118
0.0059055
0.0061024
0.0057087
0.0059055
0.0061024
0.0066929
0.0059055
0.0059055
0.0066929
0.0064961
0.0068898
0.0062992
0.0070866
0.0062992
0.0068898
0.0076772
0.0068898
0.0068898
0.0066929
0.0072835
0.0072835
0.0076772
0.007874
0.0084646
0.0080709
0.0088583
0.0090551
0.0098425
0.0096457
0.0098425
0.01122
0.010827
0.01122
0.010236
0.011417
0.011024
0.012795
0.011024
0.012402
0.013386
0.014567
0.014961
0.01752
0.016535
0.020669
0.024213
0.031102
0.034646
0.028937
0.024803
0.018701
0.01752
0.017717
0.015551
0.014764
0.013189
0.012795
0.013583
0.011811
0.012205
0.013189
0.012402
0.011614
0.011024
0.010827
0.0096457
0.010039
0.0090551
0.0090551
0.0084646
0.0082677
0.0082677
0.0074803
0.0074803
0.0076772
0.0068898
0.0068898
0.0066929
0.0064961
0.0064961
0.0064961
0.0070866
0.0064961
0.0062992
0.0066929
0.0057087
0.0064961
0.0059055
0.0064961
0.005315
0.0059055
0.0055118
0.005315
0.0055118
0.0057087
0.0057087
0.0051181
0.0051181
0.0051181
0.0049213
0.0047244
0.0049213
0.0047244
0.0045276
0.003937
0.0045276
0.0043307
0.0041339
0.0041339
0.0041339
0.003937
0.0037402
0.0037402
0.0035433
0.0033465
0.0033465
0.0033465
0.0033465
0.0033465
0.0029528
0.0031496
0.0029528
0.0029528
0.0027559
0.0025591
0.0025591
0.0023622
0.0023622
0.0023622
0.0023622
0.0023622
0.0023622
0.0023622
0.0023622
0.0023622
0.0023622
0.0023622
0.0023622
0.0023622
0.0023622
0.0023622
0.0023622
0.0023622
