numLayer 122
0.012402
0.012402
0.012402
0.012402
0.012402
0.012402
0.012402
0.012402
0.012402
0.012402
0.012402
0.012402
0.012402
0.012402
0.012402
0.012402
0.012402
0.012402
0.012402
0.012402
0.012402
0.012402
0.012402
0.012402
0.012402
0.012402
0.012402
0.012402
0.012402
0.012402
0.012402
0.012402
0.012402
0.012402
0.012402
0.012402
0.012402
0.012402
0.012402
0.012402
0.012402
0.012402
0.012402
0.012402
0.012402
0.012402
0.012402
0.012402
0.012402
0.012402
0.012402
0.012402
0.012402
0.012402
0.012402
0.012402
0.012402
0.012402
0.012402
0.012402
0.012402
0.012402
0.012402
0.012402
0.012402
0.012402
0.012402
0.012402
0.012402
0.012402
0.012402
0.012402
0.012402
0.012402
0.012402
0.012402
0.012402
0.012402
0.012402
0.012402
0.012402
0.012402
0.012402
0.012402
0.012402
0.012402
0.012402
0.012402
0.012402
0.012402
0.012402
0.012402
0.012402
0.012402
0.012402
0.012402
0.012402
0.012402
0.012402
0.012402
0.012402
0.012402
0.012402
0.012402
0.012402
0.012402
0.012402
0.012402
0.012402
0.012402
0.012402
0.012402
0.012402
0.012402
0.012402
0.012402
0.012402
0.012402
0.012402
0.012402
0.011614
