10438.4902
13490.0654
15039.8076
15039.8066
15039.8066
15039.8076
15039.8076
15039.8047
15039.7988
15039.7949
15039.7891
15039.7842
15039.7822
15039.7822
15039.7832
15039.7832
15039.7832
15039.7832
15039.7832
15039.7832
15039.7832
15039.7832
15039.7832
15039.7832
15039.7832
15039.7832
15039.7832
15039.7832
15039.7832
15039.7832
15039.7832
15039.7832
15039.7822
15039.7813
15039.7793
15039.7783
15039.7764
15039.7764
15039.7764
15039.7764
15039.7773
15039.7764
15039.7754
15039.7764
15039.7773
15039.7764
15039.7764
15039.7764
15039.7773
15039.7773
15039.7773
15039.7773
15039.7773
15039.7773
15039.7773
15039.7773
15039.7773
15039.7783
15039.7773
15039.7773
15039.7783
15039.7783
15039.7783
15039.7783
15039.7773
15039.7783
15039.7783
15039.7783
15039.7783
15039.7783
15039.7783
15039.7783
15039.7783
15039.7783
15039.7783
15039.7783
15039.7773
15039.7754
15039.7754
15039.7734
15039.7715
15039.7715
15039.7715
15039.7715
15039.7715
15039.7715
15039.7715
15039.7715
15039.7715
15039.7715
15039.7715
15039.7715
15039.7715
15039.7715
15039.7715
15039.7725
15039.7725
15039.7715
15039.7715
15039.7715
15039.7715
15039.7676
15039.7617
15039.7578
15039.7520
15039.7471
15039.7480
15039.7480
15039.7471
15039.7471
15039.7471
15039.7471
15039.7471
15039.7471
15039.7471
15039.7471
15039.7471
15039.7480
15039.7471
15039.7471
15039.7471
15039.7461
15039.7441
15039.7432
15039.7422
15039.7412
15039.7422
15039.7412
15039.7402
15039.7412
15039.7412
15039.7402
15039.7412
15039.7422
15039.7412
15039.7412
15039.7402
15039.7412
15039.7412
15039.7412
15039.7412
15039.7412
15039.7412
15039.7402
15039.7412
15039.7412
15039.7412
15039.7422
15039.7422
15039.7422
15039.7422
15039.7422
15039.7422
15039.7422
15039.7422
15039.7422
15039.7422
15039.7422
15039.7422
15039.7422
15039.7422
15039.7422
15039.7422
15039.7422
15039.7422
15039.7412
15039.7393
15039.7383
15039.7363
15039.7354
15039.7354
15039.7354
15039.7354
15039.7354
15039.7354
15039.7354
15039.7354
15039.7354
15039.7363
15039.7354
15039.7354
15039.7354
15039.7354
15039.7354
15039.7354
15039.7354
15039.7354
15039.7363
15039.7363
15039.7354
15039.7305
15039.7256
15039.7207
15039.7148
15039.7119
15039.7119
15039.7119
15039.7119
15039.7119
15039.7119
15039.7129
15039.7119
15039.7129
15039.7119
15039.7119
15039.7109
15039.7119
15039.7109
15039.7119
15039.7119
15039.7129
15039.7119
15039.7129
15039.7119
15039.7119
15039.7100
15039.7090
15039.7070
15039.7070
15039.7061
15039.7070
15039.7061
15039.7061
15039.7061
15039.7051
15039.7070
15039.7051
15039.7061
15039.7061
15039.7061
15039.7061
15039.7061
15039.7051
15039.7061
15039.7061
15039.7061
15039.7070
15039.7061
15039.7061
15039.7061
15039.7070
15039.7070
15039.7070
15039.7070
15039.7070
15039.7070
15039.7070
15039.7070
15039.7070
15039.7070
15039.7070
15039.7070
15039.7070
15039.7070
15039.7070
15039.7070
15039.7070
15039.7070
15039.7061
15039.7051
15039.7041
15039.7021
15039.7012
15039.7002
15039.7002
15039.7002
15039.7012
15039.7002
15039.7012
15039.6992
15039.7002
15039.7002
15039.7002
15039.7002
15039.7012
15039.7012
15039.7012
15039.7012
15039.6992
15039.6934
15039.6895
15039.6836
15039.6787
15039.6768
15039.6758
15039.6768
15039.6768
15039.6768
15039.6768
15039.6768
15039.6768
15039.6768
15039.6768
15039.6768
15039.6768
15039.6768
15039.6768
15039.6768
15039.6768
15039.6768
15039.6777
15039.6777
15039.6768
15039.6758
15039.6748
15039.6729
15039.6729
15039.6709
15039.6709
15039.6709
15039.6719
15039.6709
15039.6709
15039.6709
15039.6709
15039.6719
15039.6709
15039.6709
15039.6709
15039.6709
15039.6699
15039.6709
15039.6709
15039.6709
15039.6719
15039.6699
15039.6719
15039.6709
15039.6719
15039.6719
15039.6719
15039.6719
15039.6719
15039.6719
15039.6719
15039.6719
15039.6719
15039.6719
15039.6719
15039.6719
15039.6719
15039.6719
15039.6719
15039.6719
15039.6719
15039.6719
15039.6719
15039.6719
15039.6699
15039.6680
15039.6670
15039.6650
15039.6650
15039.6650
15039.6650
15039.6641
15039.6650
15039.6650
15039.6650
15039.6650
15039.6650
15039.6650
15039.6650
15039.6660
15039.6660
15039.6660
15039.6660
15039.6660
15039.6660
15039.6660
15039.6660
15039.6660
15039.6621
15039.6563
15039.6523
15039.6465
15039.6416
15039.6416
15039.6426
15039.6406
15039.6406
15039.6416
15039.6416
15039.6416
15039.6416
15039.6416
15039.6416
15039.6416
15039.6406
15039.6416
15039.6416
15039.6416
15039.6406
15039.6387
15039.6387
15039.6367
15039.6357
15039.6357
15039.6367
15039.6367
15039.6357
15039.6357
15039.6357
15039.6357
15039.6348
15039.6357
15039.6357
15039.6367
15039.6357
15039.6357
15039.6357
15039.6357
15039.6357
15039.6357
15039.6367
15039.6357
15039.6357
15039.6357
15039.6367
15039.6367
15039.6367
15039.6367
15039.6367
15039.6367
15039.6367
15039.6367
15039.6367
15039.6367
15039.6367
15039.6367
15039.6367
15039.6367
15039.6367
15039.6367
15039.6367
15039.6367
15039.6357
15039.6348
15039.6328
15039.6318
15039.6299
15039.6299
15039.6309
15039.6289
15039.6289
15039.6299
15039.6299
15039.6299
15039.6299
15039.6299
15039.6299
15039.6299
15039.6309
15039.6289
15039.6289
15039.6299
15039.6299
15039.6299
15039.6309
15039.6309
15039.6299
15039.6260
15039.6201
15039.6152
15039.6104
15039.6064
15039.6064
15039.6064
15039.6055
15039.6074
15039.6064
15039.6064
15039.6064
15039.6055
15039.6064
15039.6064
15039.6064
15039.6064
15039.6074
15039.6064
15039.6064
15039.6074
15039.6064
15039.6064
15039.6064
15039.6064
15039.6035
15039.6035
15039.6025
15039.6016
15039.6006
15039.6006
15039.6006
15039.6006
15039.6006
15039.6006
15039.6006
15039.6006
15039.6006
15039.6006
15039.6006
15039.6006
15039.6006
15039.6006
15039.6006
13943.5088
12522.0000
11100.4922
9678.9834
8257.4746
8260.8975
8530.7920
8800.7266
9070.6416
9340.5557
9453.7676
9552.1934
9650.6338
9749.0664
9847.4990
9910.4795
9972.9219
10035.3740
10097.8164
10157.5029
10171.0430
10184.5820
10198.1230
10211.6621
10225.0791
10237.6494
10250.2207
10262.7920
10275.3623
10289.0908
10307.4658
10325.8438
10344.2178
10362.5947
10378.1094
10385.9082
10393.7090
10401.5088
10409.3086
10407.5068
10387.2295
10366.9502
10346.6738
10326.3965
10318.2246
10327.2383
10336.2500
10345.2627
10354.2744
10362.3984
10369.5801
10376.7598
10383.9404
10391.1201
10396.4951
10400.4258
10404.3574
10408.2881
10412.2188
10407.6836
10398.1201
10388.5576
10378.9941
10369.4316
10364.8506
10362.4189
10359.9863
10357.5547
10355.1230
10360.8027
10368.9023
10377.0039
10385.1045
10393.2061
10387.8076
10379.8672
10371.9258
10363.9854
10356.0439
10346.6563
10337.1299
10327.6035
10318.0771
10308.5508
10313.1631
10318.0020
10322.8408
10327.6797
10332.4199
10335.4854
10338.5498
10341.6152
10344.6797
10346.9355
10343.6270
10340.3184
10337.0107
10333.7021
10331.5498
10334.0723
10336.5938
10339.1172
10341.6377
10341.3896
10333.6348
10325.8809
10318.1270
10310.3721
10306.7510
10311.1133
10315.4766
10319.8398
10324.2021
10326.9883
10327.5283
10328.0674
10328.6064
10329.1455
10325.3086
10316.8027
10308.2949
10299.7891
10291.2822
10288.3682
10289.9365
10291.5059
10293.0732
10294.6426
10288.4082
10277.5244
10266.6387
10255.7559
10244.8701
10245.0986
10250.1367
10255.1748
10260.2129
10265.2520
10261.3652
10254.7998
10248.2344
10241.6709
10235.1064
10234.3984
10234.8027
10235.2051
10235.6094
10236.0117
10223.1699
10209.0469
10194.9258
10180.8047
10166.6826
10167.0459
10167.6543
10168.2637
10168.8721
10169.6035
10172.4658
10175.3281
10178.1895
10181.0518
10182.5742
10174.8105
10167.0488
10159.2852
10151.5215
10145.8867
10148.9004
10151.9131
10154.9268
10157.9414
10159.1426
10155.4180
10151.6924
10147.9668
10144.2412
10143.0898
10146.9307
10150.7734
10154.6133
10158.4551
10157.1104
10148.3496
10139.5879
10130.8271
10122.0654
10118.3213
10119.9473
10121.5752
10123.2021
10124.8301
10122.1563
10116.0254
10109.8945
10103.7646
10097.6328
10097.1514
10100.0479
10102.9453
10105.8438
10108.7412
10109.1406
10108.4531
10107.7656
10107.0781
10106.3906
10101.5498
10095.4551
10089.3613
10083.2666
10077.1729
10079.6523
10083.7695
10087.8867
10092.0039
10096.1211
10097.6523
10098.9316
10100.2109
10101.4902
10102.7695
10097.5918
10092.2988
10087.0049
10081.7119
10076.5850
10074.3965
10072.2070
10070.0176
10067.8281
10066.1699
10068.2217
10070.2734
10072.3242
10074.3760
10075.8848
10075.1699
10074.4570
10073.7441
10073.0303
10071.7363
10068.8594
10065.9805
10063.1025
10060.2246
10058.2471
10058.0244
10057.8027
10057.5801
10057.3574
10054.8965
10049.2188
10043.5430
10037.8652
10032.1885
10022.5830
10008.7510
9994.9199
9981.0898
9967.2588
9939.2285
9899.7305
9860.2393
9820.7451
9781.2500
9766.2773
9766.0410
9765.8027
9765.5664
9765.3291
9762.1260
9757.6289
9753.1318
9748.6348
9744.1377
9743.1182
9743.1533
9743.1895
9743.2246
9743.2607
9743.2822
9743.3018
9743.3223
9743.3418
9743.3613
9744.7363
9746.2441
9747.7529
9749.2617
9750.7695
9752.3447
9753.9219
9755.4980
9757.0742
9758.5635
9758.4990
9758.4336
9758.3682
9758.3027
9757.9912
9755.9434
9753.8955
9751.8477
9749.8008
9748.0000
9747.2188
9746.4375
9745.6563
9744.8750
9746.3613
9754.0742
9761.7861
9769.4980
9777.2109
9786.0967
9797.2764
9808.4551
9819.6348
9830.8145
9837.6895
9838.3613
9839.0332
9839.7051
9840.3779
9840.3828
9839.6689
9838.9551
9838.2412
9837.5273
9837.3223
9837.5303
9837.7383
9837.9473
9838.1553
9839.7578
9842.2012
9844.6465
9847.0898
9849.5342
9851.5898
9853.4766
9855.3613
9857.2471
9859.1328
9866.3467
9875.1846
9884.0215
9892.8594
9901.6963
9903.1865
9903.2559
9903.3242
9903.3926
9903.4619
9903.5059
9903.5479
9903.5898
9903.6318
9903.6738
9903.5869
9903.4990
9903.4102
9903.3203
9903.1221
9900.9229
9898.7236
9896.5254
9894.3252
9893.0361
9898.2207
9903.4043
9908.5879
9913.7715
9917.5313
9915.3936
9913.2559
9911.1191
9908.9814
9907.4707
9907.6895
9907.9102
9908.1289
9908.3486
9908.3730
9908.0156
9907.6582
9907.3008
9906.9434
9906.5117
9905.9717
9905.4336
9904.8936
9904.3545
9903.6533
9902.7764
9901.9004
9901.0225
9900.1465
9899.3945
9898.7432
9898.0928
9897.4414
9896.7910
9894.1982
9890.4268
9886.6563
9882.8867
9879.1162
9878.2275
9878.6084
9878.9902
9879.3701
9879.7520
9879.8408
9879.8408
9879.8408
9879.8408
9879.8408
9879.8125
9879.7783
9879.7441
9879.7090
9879.6748
9876.7227
9873.4766
9870.2295
9866.9824
9863.7354
9878.8105
9894.2686
9909.7256
9925.1826
9939.9688
9942.2588
9944.5498
9946.8398
9949.1299
9951.1494
9951.2266
9951.3027
9951.3789
9951.4551
9951.0850
9948.8662
9946.6465
9944.4277
9942.2080
9940.5684
9940.5361
9940.5039
9940.4707
9940.4385
9940.3115
9939.9971
9939.6836
9939.3682
9939.0547
9939.9746
9942.6875
9945.4004
9948.1152
9950.8281
9953.0371
9954.7012
9956.3633
9958.0264
9959.6895
9957.0889
9951.0078
9944.9277
9938.8477
9932.7676
9930.8789
9931.5391
9932.1992
9932.8604
9933.5205
9933.8887
9934.1270
9934.3662
9934.6045
9934.8428
9934.7549
9934.5654
9934.3770
9934.1865
9933.9980
9936.9375
9940.4922
9944.0459
9947.6006
9951.1543
9951.2754
9951.0459
9950.8164
9950.5879
9950.3584
9950.4814
9950.6113
9950.7412
9950.8711
9950.7158
9945.1533
9939.5918
9934.0293
9928.4658
9924.6074
9933.0791
9941.5498
9950.0195
9958.4912
9965.1318
9964.1045
9963.0781
9962.0518
9961.0254
9959.5410
9956.7813
9954.0215
9951.2627
9948.5039
9946.2305
9944.9189
9943.6074
9942.2969
9940.9854
9941.1631
9943.5107
9945.8574
9948.2061
9950.5537
9951.7510
9951.6934
9951.6357
9951.5781
9951.5205
9951.4951
9951.4951
9951.4951
9951.4951
9951.4951
9951.6602
9951.9248
9952.1904
9952.4561
9952.7217
9952.7285
9952.6211
9952.5137
9952.4063
9952.2988
9952.2451
9952.2070
9952.1699
9952.1328
9952.0947
9952.0889
9952.0889
9952.0889
9952.0889
9952.0889
9952.0889
9952.0889
9952.0889
9952.0889
9952.0889
9952.0234
9951.9570
9951.8906
9951.8242
9951.7598
9951.7480
9951.7363
9951.7246
9951.7129
9951.6758
9951.4629
9951.2480
9951.0342
9950.8203
9951.0684
9953.2637
9955.4590
9957.6523
9959.8477
9961.3379
9960.8555
9960.3730
9959.8906
9959.4082
9962.0469
9970.8984
9979.7461
9988.5928
9997.4424
10003.2412
10004.5820
10005.9229
10007.2637
10008.6045
10005.6074
9997.8555
9990.1055
9982.3555
9974.6064
9971.3555
9971.8047
9972.2539
9972.7021
9973.1514
9976.0752
9980.5166
9984.9570
9989.3984
9993.8379
9993.3428
9990.6426
9987.9434
9985.2451
9982.5449
9981.8721
9981.8281
9981.7852
9981.7412
9981.6982
9987.0791
9993.5430
10000.0039
10006.4658
10012.9277
10013.5000
10013.4570
10013.4141
10013.3721
10013.3301
10003.1016
9992.6309
9982.1621
9971.6934
9961.7061
9961.2354
9960.7656
9960.2949
9959.8242
9959.2490
9957.9023
9956.5576
9955.2109
9953.8652
9952.8828
9953.4434
9954.0020
9954.5615
9955.1211
9954.9609
9952.7793
9950.5977
9948.4160
9946.2334
9945.6396
9948.2188
9950.7969
9953.3750
9955.9531
9957.4561
9957.3789
9957.3008
9957.2246
9957.1475
9965.0957
9981.8662
9998.6367
10015.4063
10032.1748
10039.6025
10039.3145
10039.0273
10038.7402
10038.4531
10037.6299
10036.4766
10035.3223
10034.1699
10033.0166
10032.6436
10032.6221
10032.6006
10032.5781
10032.5566
10030.6514
10028.1572
10025.6621
10023.1680
10020.6738
10022.2061
10024.5439
10026.8818
10029.2207
10031.5576
10027.9570
10023.7305
10019.5039
10015.2773
10011.0498
10010.9648
10010.9824
10010.9990
10011.0166
10010.9756
10009.7598
10008.5459
10007.3320
10006.1182
10005.1416
10005.9326
10006.7227
10007.5146
10008.3047
10008.9131
10008.7451
10008.5762
10008.4082
10008.2393
10008.4980
10009.9629
10011.4268
10012.8916
10014.3555
10014.5928
10012.3691
10010.1445
10007.9209
10005.6973
10006.0381
10010.1641
10014.2881
10018.4131
10022.5381
10025.2861
10026.5176
10027.7480
10028.9805
10030.2100
10029.6396
10027.5752
10025.5107
10023.4463
10021.3828
10021.0752
10021.8545
10022.6328
10023.4131
10024.1914
10029.6865
10037.3057
10044.9238
10052.5430
10060.1602
10062.0156
10062.0605
10062.1045
10062.1484
10062.1924
9234.7217
8240.6709
7246.4707
6252.4199
5258.2192
5204.6709
5251.3018
5297.9321
5344.5630
5391.2075
5424.1523
5456.7490
5489.3506
5521.9473
5553.9590
5573.8589
5593.7617
5613.6611
5633.5610
5650.4556
5644.8213
5639.1865
5633.5518
5627.9160
5626.8374
5645.2832
5663.7314
5682.1768
5700.6226
5713.8267
5712.1416
5710.4575
5708.7734
5707.0889
5702.8770
5693.5786
5684.2803
5674.9810
5665.6831
5659.1001
5656.5376
5653.9756
5651.4131
5648.8511
5648.2627
5649.8599
5651.4570
5653.0547
5654.6523
5648.0288
5634.5718
5621.1133
5607.6563
5594.1968
5583.9336
5575.6519
5567.3696
5559.0879
5550.8037
5544.4961
5539.0811
5533.6650
5528.2500
5522.8340
5521.1997
5520.7593
5520.3193
5519.8784
5519.4380
5515.6436
5511.1699
5506.6963
5502.2217
5497.7471
5494.4736
5491.3291
5488.1846
5485.0400
5481.8950
5472.3276
5462.5908
5452.8545
5443.1162
5433.7695
5432.6265
5431.4834
5430.3398
5429.1968
5427.8516
5424.9790
5422.1069
5419.2349
5416.3628
5413.2427
5409.0591
5404.8755
5400.6914
5396.5078
5391.1328
5382.3623
5373.5933
5364.8237
5356.0547
5351.1001
5353.8604
5356.6211
5359.3823
5362.1431
5363.3999
5362.4233
5361.4463
5360.4697
5359.4932
5356.9497
5352.6660
5348.3828
5344.1001
5339.8154
5340.0161
5343.9585
5347.9014
5351.8438
5355.7866
5353.6299
5347.6777
5341.7271
5335.7759
5329.8232
5326.5742
5324.5508
5322.5278
5320.5044
5318.4810
5319.9434
5322.5127
5325.0815
5327.6504
5330.2192
5325.7354
5319.8130
5313.8906
5307.9678
5302.0439
5303.4937
5305.7441
5307.9951
5310.2456
5312.4971
5309.2578
5305.8672
5302.4775
5299.0869
5295.8467
5295.8262
5295.8062
5295.7856
5295.7656
5295.7466
5295.7373
5295.7275
5295.7183
5295.7095
5294.6069
5288.7666
5282.9258
5277.0850
5271.2437
5267.1675
5268.1479
5269.1289
5270.1099
5271.0908
5271.3208
5270.0259
5268.7310
5267.4365
5266.1411
5263.7188
5259.6157
5255.5127
5251.4087
5247.3047
5245.1016
5245.0176
5244.9336
5244.8496
5244.7656
5244.6064
5244.3853
5244.1641
5243.9424
5243.7212
5241.5479
5238.1553
5234.7627
5231.3706
5227.9775
5226.7173
5226.4302
5226.1431
5225.8560
5225.5684
5220.1230
5213.0337
5205.9434
5198.8535
5191.7632
5178.5166
5164.0088
5149.5000
5134.9917
5120.4790
5111.5220
5103.1753
5094.8271
5086.4805
5078.1323
5077.7534
5077.6006
5077.4482
5077.2959
5076.9355
5072.0303
5067.1245
5062.2188
5057.3125
5052.5796
5049.1807
5045.7813
5042.3818
5038.9829
5036.2168
5036.2158
5036.2148
5036.2144
5036.2134
5036.0659
5035.4946
5034.9238
5034.3525
5033.7813
5033.3950
5033.3843
5033.3740
5033.3633
5033.3530
5033.2793
5033.1123
5032.9453
5032.7778
5032.6108
5030.0117
5024.6904
5019.3682
5014.0474
5008.7256
5004.1401
5000.1748
4996.2095
4992.2441
4988.2778
4986.7690
4986.8008
4986.8320
4986.8638
4986.8955
4986.5605
4986.0586
4985.5566
4985.0547
4984.5518
4984.2764
4984.0732
4983.8696
4983.6665
4983.4629
4983.3599
4983.2778
4983.1953
4983.1133
4983.0313
4977.9375
4972.2881
4966.6377
4960.9873
4955.3364
4955.0537
4954.9287
4954.8032
4954.6782
4954.5552
4954.4834
4954.4121
4954.3403
4954.2690
4953.5801
4948.1001
4942.6201
4937.1396
4931.6597
4927.0547
4926.2969
4925.5396
4924.7817
4924.0244
4923.4600
4923.4546
4923.4492
4923.4443
4923.4390
4921.7412
4916.5811
4911.4194
4906.2583
4901.0967
4897.9072
4897.6812
4897.4546
4897.2280
4897.0015
4896.5640
4895.8892
4895.2139
4894.5391
4893.8643
4893.3623
4893.0059
4892.6494
4892.2930
4891.9370
4891.7490
4891.6675
4891.5859
4891.5044
4891.4224
4891.3984
4891.4004
4891.4023
4891.4038
4891.4058
4886.7441
4880.5815
4874.4189
4868.2549
4862.0913
4861.0352
4861.0420
4861.0488
4861.0562
4861.0625
4854.1045
4846.3662
4838.6270
4830.8882
4823.1470
4822.6870
4822.4478
4822.2085
4821.9697
4821.7266
4821.4014
4821.0757
4820.7505
4820.4248
4820.0249
4819.0449
4818.0654
4817.0850
4816.1045
4814.3696
4809.2988
4804.2275
4799.1563
4794.0850
4790.2192
4789.8584
4789.4971
4789.1362
4788.7754
4788.5493
4788.5996
4788.6504
4788.7007
4788.7510
4788.6836
4788.4385
4788.1943
4787.9492
4787.7046
4787.6201
4787.7163
4787.8125
4787.9087
4788.0049
4787.1870
4785.5947
4784.0024
4782.4102
4780.8174
4777.2168
4772.3477
4767.4785
4762.6084
4757.7388
4756.0449
4755.8174
4755.5894
4755.3613
4755.1338
4755.0674
4755.0527
4755.0381
4755.0239
4755.0098
4754.8696
4754.7026
4754.5356
4754.3691
4754.2021
4753.5864
4752.9199
4752.2539
4751.5874
4750.9209
4750.8887
4750.8765
4750.8643
4750.8521
4750.5820
4744.2666
4737.9497
4731.6343
4725.3179
4718.3276
4706.0020
4693.6772
4681.3530
4669.0254
4658.9136
4658.6357
4658.3579
4658.0801
4657.8022
4657.4180
4656.7217
4656.0264
4655.3306
4654.6348
4654.1729
4654.1934
4654.2134
4654.2334
4654.2539
4654.2695
4654.2778
4654.2861
4654.2944
4654.3022
4651.8540
4646.6250
4641.3960
4636.1660
4630.9360
4628.4355
4628.2544
4628.0732
4627.8926
4627.7119
4626.2993
4624.1055
4621.9121
4619.7188
4617.5244
4616.7485
4616.6304
4616.5117
4616.3931
4616.2749
4616.0117
4615.7017
4615.3916
4615.0815
4614.7710
4614.5908
4614.4375
4614.2847
4614.1313
4613.9780
4609.5928
4604.7227
4599.8525
4594.9824
4590.1128
4589.8350
4589.7061
4589.5776
4589.4492
4589.3013
4588.6919
4588.0830
4587.4736
4586.8643
4586.2637
4585.7285
4585.1938
4584.6592
4584.1250
4583.6919
4583.7148
4583.7368
4583.7593
4583.7817
4583.2822
4581.2500
4579.2178
4577.1855
4575.1533
4572.2866
4567.6929
4563.0986
4558.5049
4553.9092
4551.0479
4550.8203
4550.5928
4550.3652
4550.1372
4549.4619
4548.2783
4547.0942
4545.9102
4544.7261
4544.1567
4544.1108
4544.0654
4544.0195
4543.9736
4543.9492
4543.9385
4543.9272
4543.9160
4543.9053
4543.7261
4543.4683
4543.2104
4542.9526
4542.6948
4538.7749
4533.6572
4528.5400
4523.4229
4518.3047
4517.1025
4516.7305
4516.3589
4515.9868
4515.6152
4515.5498
4515.5195
4515.4893
4515.4595
4515.4292
4514.6611
4513.8687
4513.0762
4512.2837
4511.4155
4508.6924
4505.9688
4503.2451
4500.5215
4496.0962
4477.9570
4459.8159
4441.6772
4423.5361
4408.6934
4408.6924
4408.6914
4408.6904
4408.6895
4407.3457
4402.0396
4396.7324
4391.4268
4386.1196
4382.4902
4382.3521
4382.2139
4382.0762
4381.9380
4381.6660
4381.1899
4380.7139
4380.2373
4379.7617
4379.5049
4379.4990
4379.4932
4379.4873
4379.4819
4378.9829
4378.0625
4377.1416
4376.2207
4375.2993
4374.9326
4374.9199
4374.9072
4374.8945
4374.8818
4371.4541
4366.4292
4361.4043
4356.3799
4351.3535
4349.1489
4347.8706
4346.5918
4345.3135
4344.0352
4343.8174
4343.8257
4343.8345
4343.8428
4343.8516
4343.8491
4343.8452
4343.8418
4343.8379
4343.8340
4343.6738
4343.5078
4343.3418
4343.1763
4342.9077
4340.0488
4337.1904
4334.3320
4331.4727
4328.3618
4323.1973
4318.0322
4312.8677
4307.7026
4303.4121
4303.0830
4302.7539
4302.4243
4302.0952
4301.4424
4299.8301
4298.2178
4296.6050
4294.9922
4293.8491
4293.6875
4293.5254
4293.3643
4293.2021
4293.0591
4292.9443
4292.8291
4292.7144
4292.5991
4292.4268
4292.1875
4291.9487
4291.7100
4291.4707
4288.7427
4283.8745
4279.0068
4274.1387
4269.2690
4267.3696
4267.3755
4267.3809
4267.3867
4267.3926
4267.0112
4266.4482
4265.8848
4265.3213
4264.7583
4264.4487
4264.2231
4263.9976
4263.7720
4263.5459
4262.9229
4262.2139
4261.5049
4260.7954
4260.0864
4259.7720
4259.5039
4259.2358
4258.9678
4258.6997
4253.9702
4249.0835
4244.1958
4239.3081
4234.5474
4233.0732
4231.5986
4230.1240
4228.6494
4227.3140
4227.1206
4226.9268
4226.7334
4226.5396
4226.3120
4225.9287
4225.5454
4225.1626
4224.7793
4224.4917
4224.4907
4224.4897
4224.4893
4224.4883
4223.1758
4219.1108
4215.0459
4210.9810
4206.9155
4202.4219
4197.2695
4192.1172
4186.9653
4181.8120
4178.6621
4177.8130
4176.9634
4176.1143
4175.2646
4174.8706
4174.8696
4174.8687
4174.8677
4174.8667
4174.8599
4174.8491
4174.8389
4174.8281
4174.8179
4174.5308
4174.1133
4173.6963
4173.2788
4172.8613
4172.6797
4172.5762
4172.4727
4172.3691
4172.2651
4167.6387
4162.0342
4156.4287
4150.8232
4145.2183
4144.6216
4144.6216
4144.6211
4144.6211
4144.6211
4143.1406
4141.6069
4140.0728
4138.5386
4137.0566
4136.9619
4136.8672
4136.7725
4136.6772
4136.5845
4136.5063
4136.4287
4136.3506
4136.2725
4136.0654
4135.2666
4134.4673
4133.6685
4132.8691
4130.8179
4125.0137
4119.2109
4113.4082
4107.6030
4103.5381
4103.1367
4102.7354
4102.3340
4101.9326
4101.6606
4101.5894
4101.5176
4101.4458
4101.3745
4101.3354
4101.3350
4101.3345
4101.3340
4101.3335
4101.2456
4101.0830
4100.9199
4100.7573
4100.5942
4100.4092
4100.2100
4100.0107
4099.8115
4099.6118
4096.2432
4091.3730
4086.5020
4081.6313
4076.7612
4075.2856
4074.9429
4074.5999
4074.2568
4073.9141
4073.5898
4073.2700
4072.9502
4072.6301
4072.3101
4071.6396
4070.9270
4070.2144
4069.5015
4068.7888
4067.8855
4066.9751
4066.0645
4065.1538
4064.0256
4056.9521
4049.8774
4042.8037
4035.7290
4026.8154
4002.4824
3978.1533
3953.8240
3929.4875
3909.4956
3909.5208
3909.5459
3909.5710
3909.5962
3909.5420
3909.2498
3908.9573
3908.6650
3908.3728
3908.1511
3908.0796
3908.0083
3907.9365
3907.8650
3907.8181
3907.8091
3907.8000
3907.7910
3907.7820
3907.5869
3907.1765
3906.7661
3906.3557
3905.9453
3902.9453
3897.6936
3892.4414
3887.1890
3881.9373
3879.8704
3879.8726
3879.8745
3879.8762
3879.8782
3879.4368
3878.7842
3878.1313
3877.4790
3876.8264
3877.4155
3878.4209
3879.4263
3880.4316
3881.4373
3881.3379
3880.9973
3880.6563
3880.3154
3879.9749
3878.9944
3877.9365
3876.8784
3875.8203
3874.7625
3869.8828
3864.8569
3859.8311
3854.8037
3849.9395
3849.6055
3849.2715
3848.9375
3848.6035
3848.2607
3847.8425
3847.4243
3847.0061
3846.5879
3846.2449
3846.2510
3846.2573
3846.2632
3846.2695
3846.2290
3846.0483
3845.8672
3845.6863
3845.5054
3845.4448
3845.6411
3845.8372
3846.0332
3846.2295
3845.2412
3842.4102
3839.5789
3836.7480
3833.9167
3829.7715
3824.0986
3818.4268
3812.7539
3807.0808
3804.4104
3804.3591
3804.3079
3804.2568
3804.2056
3804.0254
3803.7612
3803.4971
3803.2327
3802.9685
3802.8740
3802.8606
3802.8472
3802.8335
3802.8203
3802.6465
3802.4189
3802.1912
3801.9634
3801.7358
3801.1221
3800.4238
3799.7251
3799.0264
3798.3281
3793.7756
3788.7510
3783.7253
3778.7000
3773.6750
3773.4412
3773.3965
3773.3513
3773.3062
3773.2080
3771.5811
3769.9541
3768.3267
3766.6995
3765.2446
3765.2603
3765.2761
3765.2917
3765.3076
3765.2705
3764.9854
3764.7007
3764.4160
3764.1311
3763.8936
3763.8003
3763.7073
3763.6140
3763.5210
3761.7739
3756.4932
3751.2134
3745.9331
3740.6523
3737.0327
3736.0063
3734.9800
3733.9531
3732.9265
3728.8066
3721.0784
3713.3511
3705.6226
3697.8950
3694.2869
3694.2888
3694.2905
3694.2925
3694.2944
3693.9482
3693.3745
3692.8005
3692.2266
3691.6528
3691.4619
3691.4546
3691.4473
3691.4399
3691.4329
3687.4902
3682.2173
3676.9443
3671.6711
3666.3965
3664.7466
3663.9001
3663.0532
3662.2061
3661.3596
3661.1443
3661.0073
3660.8701
3660.7334
3660.5964
3660.6016
3660.6123
3660.6230
3660.6338
3660.5518
3657.7024
3654.8535
3652.0032
3649.1541
3646.6006
3646.6011
3646.6016
3646.6023
3646.6025
3645.7551
3640.9111
3636.0703
3631.2266
3626.3823
3622.7227
3622.6743
3622.6260
3622.5774
3622.5291
3621.9631
3620.2871
3618.6113
3616.9346
3615.2588
3613.7266
3612.4199
3611.1133
3609.8062
3608.4998
3607.0403
3605.4019
3603.7642
3602.1252
3600.4866
3599.7083
3599.6851
3599.6624
3599.6394
3599.6167
3596.6616
3591.7759
3586.8918
3582.0078
3577.1221
3575.4929
3575.4329
3575.3726
3575.3125
3575.2524
3575.2354
3575.2334
3575.2314
3575.2292
3575.2271
3575.1008
3574.9468
3574.7925
3574.6384
3574.4844
3574.3042
3574.1206
3573.9370
3573.7534
3573.5698
3573.5596
3573.5562
3573.5527
3573.5493
3573.3843
3568.2732
3563.1619
3558.0508
3552.9375
3548.3232
3548.0396
3547.7561
3547.4727
3547.1892
3546.9343
3546.8152
3546.6958
3546.5767
3546.4575
3546.2778
3545.9133
3545.5488
3545.1838
3544.8193
3544.3567
3543.6824
3543.0083
3542.3340
3541.6597
3541.2441
3541.2363
3541.2283
3541.2202
3541.2124
3538.5698
3532.8306
3527.0898
3521.3506
3515.6116
3512.8821
3512.8113
3512.7402
3512.6694
3512.5986
3511.9336
3510.8767
3509.8198
3508.7625
3507.7058
3507.0862
3506.6787
3506.2710
3505.8633
3505.4561
3505.3696
3505.3931
3505.4165
3505.4399
3505.4631
3503.6731
3501.4771
3499.2793
3497.0825
3494.8857
3490.1775
3485.1555
3480.1304
3475.1050
3470.0828
3469.8682
3469.8591
3469.8501
3469.8408
3469.8169
3469.3276
3468.8384
3468.3486
3467.8594
3467.3982
3467.1858
3466.9734
3466.7607
3466.5483
3465.7197
3461.9517
3458.1858
3454.4177
3450.6497
3447.6274
3446.8999
3446.1724
3445.4453
3444.7175
3442.5991
3437.4663
3432.3350
3427.2034
3422.0706
3418.9304
3418.9380
3418.9456
3418.9531
3418.9609
3418.8474
3418.5908
3418.3347
3418.0781
3417.8223
3417.6343
3417.5073
3417.3804
3417.2537
3417.1265
3416.4063
3415.2925
3414.1792
3413.0657
3411.9517
3411.5837
3411.5776
3411.5718
3411.5659
3411.5598
3407.7234
3402.5710
3397.4185
3392.2646
3387.1123
3386.0232
3385.8525
3385.6826
3385.5122
3385.3418
3385.0349
3384.7109
3384.3867
3384.0625
3383.7383
3383.7087
3383.6919
3383.6753
3383.6584
3383.2297
3369.3813
3355.5330
3341.6807
3327.8323
3315.3499
3315.0125
3314.6753
3314.3379
3314.0005
3312.8647
3307.8962
3302.9258
3297.9570
3292.9885
3289.2290
3289.2219
3289.2153
3289.2083
3289.2014
3288.9968
3288.3618
3287.7271
3287.0923
3286.4578
3285.8564
3285.3091
3284.7622
3284.2148
3283.6677
3283.2620
3283.0239
3282.7859
3282.5479
3282.3101
3282.1899
3282.1748
3282.1599
3282.1450
3282.1299
3282.1414
3282.1704
3282.1992
3282.2280
3282.2571
3277.3186
3269.9509
3262.5874
3255.2197
3247.8542
3245.7908
3245.5601
3245.3296
3245.0991
3244.8689
3243.8203
3242.5854
3241.3506
3240.1160
3238.8811
3238.2266
3237.6470
3237.0674
3236.4878
3235.9084
3235.9048
3235.9265
3235.9482
3235.9705
3235.9851
3235.7549
3235.5244
3235.2944
3235.0640
3234.3701
3229.4971
3224.6228
3219.7498
3214.8770
3210.7922
3210.5251
3210.2578
3209.9902
3209.7231
3209.4783
3209.3035
3209.1289
3208.9541
3208.7795
3208.5352
3208.1384
3207.7415
3207.3447
3206.9480
3206.6978
3206.6807
3206.6636
3206.6467
3206.6299
3206.1455
3205.1055
3204.0649
3203.0251
3201.9849
3198.9180
3194.0422
3189.1663
3184.2903
3179.4146
3177.4175
3177.3462
3177.2749
3177.2036
3177.1321
3175.7637
3173.7593
3171.7539
3169.7498
3167.7441
3167.2012
3167.1655
3167.1296
3167.0938
3167.0581
3167.0420
3167.0305
3167.0190
3167.0073
3166.9956
3166.8489
3166.6843
3166.5198
3166.3555
3166.1909
3160.7642
3155.0977
3149.4292
3143.7644
3138.1082
3132.8799
3127.6514
3122.4214
3117.1943
3112.4756
3112.4121
3112.3486
3112.2849
3112.2212
3112.2007
3112.3906
3112.5806
3112.7705
3112.9602
3113.0117
3112.6294
3112.2473
3111.8647
3111.4824
3110.7397
3109.2065
3107.6736
3106.1399
3104.6072
3101.7830
3096.8909
3092.0020
3087.1099
3082.2207
3079.4631
3079.2554
3079.0479
3078.8398
3078.6321
3078.5369
3078.5425
3078.5481
3078.5537
3078.5593
3078.2375
3077.6963
3077.1553
3076.6143
3076.0730
3075.8936
3075.8926
3075.8916
3075.8906
3075.8896
3075.1787
3074.2197
3073.2612
3072.3020
3071.3433
3066.9490
3061.7603
3056.5752
3051.3865
3046.1997
3045.4785
3045.3440
3045.2095
3045.0750
3044.9404
3044.9131
3044.8909
3044.8687
3044.8467
3044.7424
3041.6199
3038.4976
3035.3770
3032.2542
3029.3718
3028.6846
3027.9971
3027.3101
3026.6228
3026.0107
3025.7678
3025.5247
3025.2817
3025.0386
3023.6829
3018.8152
3013.9492
3009.0830
3004.2168
3000.8052
3000.6003
3000.3960
3000.1914
2999.9866
2999.6672
2999.1636
2998.6599
2998.1565
2997.6528
2997.3008
2997.1304
2996.9600
2996.7896
2996.6191
2996.4485
2996.2781
2996.1077
2995.9370
2995.7666
2994.2617
2991.8591
2989.4565
2987.0540
2984.6506
2980.5918
2975.7144
2970.8367
2965.9590
2961.0798
2959.5730
2959.2480
2958.9233
2958.5986
2958.2737
2958.2075
2958.2017
2958.1956
2958.1897
2958.1836
2957.9346
2957.6536
2957.3726
2957.0913
2956.8103
2956.7776
2956.7573
2956.7368
2956.7163
2956.6575
2955.1565
2953.6558
2952.1545
2950.6543
2948.8054
2943.7275
2938.6528
2933.5750
2928.5000
2924.2188
2923.8708
2923.5229
2923.1750
2922.8271
2922.2900
2921.1526
2920.0156
2918.8784
2917.7415
2916.9636
2916.9819
2917.0000
2917.0183
2917.0364
2917.0479
2917.0483
2917.0491
2917.0498
2917.0505
2916.7275
2916.0151
2915.3030
2914.5906
2913.8784
2910.9854
2906.1196
2901.2568
2896.3909
2891.5269
2889.2383
2888.6914
2888.1445
2887.5979
2887.0510
2886.5876
2886.1658
2885.7437
2885.3218
2884.9001
2884.7908
2884.7913
2884.7920
2884.7927
2884.7932
2884.2451
2883.5688
2882.8931
2882.2166
2881.5405
2880.9775
2880.4302
2879.8826
2879.3350
2878.7876
2873.5210
2868.0222
2862.5251
2857.0278
2851.6663
2851.6672
2851.6685
2851.6694
2851.6707
2851.6714
2851.6692
2851.6670
2851.6648
2851.6626
2851.6606
2851.6606
2851.6606
2851.6606
2851.6606
2851.6606
2851.6606
2851.6606
2851.6606
2851.6606
2851.6746
2851.7188
2851.7629
2851.8071
2851.8516
2850.0200
2845.1509
2840.2817
2835.4128
2830.5422
2827.8789
2827.8792
2827.8792
2827.8792
2827.8792
2827.8721
2827.8586
2827.8452
2827.8315
2827.8181
2827.6841
2827.4678
2827.2515
2827.0352
2826.8191
2825.7056
2824.1448
2822.5840
2821.0229
2819.4619
2818.7605
2818.3635
2817.9666
2817.5698
2817.1729
2815.6936
2813.9602
2812.2263
2810.4934
2808.7595
2818.5752
2829.9414
2841.3140
2852.6836
2864.0530
2863.2390
2861.8179
2860.3967
2858.9753
2857.5862
2857.5151
2857.4438
2857.3728
2857.3018
2857.1619
2856.3716
2855.5811
2854.7905
2854.0005
2853.2729
2852.8618
2852.4509
2852.0398
2851.6289
2851.8369
2854.0288
2856.2197
2858.4121
2860.6035
2862.0806
2861.9619
2861.8433
2861.7246
2861.6060
2863.3750
2868.2126
2873.0505
2877.8884
2882.7261
2884.9583
2884.0303
2883.1025
2882.1743
2881.2466
2880.7522
2880.6531
2880.5542
2880.4548
2880.3560
2881.7307
2884.1104
2886.4888
2888.8684
2891.2476
2890.0129
2886.9653
2883.9189
2880.8726
2877.8259
2875.8706
2874.3044
2872.7383
2871.1719
2869.6062
2869.8381
2870.4951
2871.1519
2871.8091
2872.4658
2876.9048
2881.8589
2886.8105
2891.7651
2896.7178
2893.1523
2889.1514
2885.1521
2881.1528
2877.2649
2878.1304
2878.9956
2879.8608
2880.7261
2881.4946
2881.3345
2881.1741
2881.0137
2880.8530
2881.6440
2887.2227
2892.8032
2898.3804
2903.9607
2906.6208
2899.8984
2893.1719
2886.4497
2879.7231
2877.0330
2883.3828
2889.7366
2896.0884
2902.4404
2903.6509
2896.4668
2889.2827
2882.0986
2874.9126
2867.8772
2861.0232
2854.1689
2847.3149
2840.4587
2794.9077
2714.0015
2633.0706
2552.1885
2471.2576
3049.4399
4077.5366
5106.2520
6134.6582
7163.0640
7507.4048
7507.3931
7507.3809
7507.3687
7507.3564
7507.3560
7507.3594
7507.3628
7507.3667
7507.3701
7507.3672
7507.3618
7507.3574
7507.3521
7507.3472
7507.3413
7507.3359
7507.3291
7507.3232
7507.3179
7507.3076
7507.2979
7507.2881
7507.2783
7507.2681
7507.2500
7507.2319
7507.2139
7507.1953
7507.1782
7507.1768
7507.1738
7507.1719
7507.1699
7507.1646
7507.1445
7507.1240
7507.1035
7507.0835
7507.0669
7507.0625
7507.0576
7507.0527
7507.0488
7507.0410
7507.0273
7507.0137
7507.0010
7506.9868
7506.9785
7506.9795
7506.9805
7506.9814
7506.9824
7506.9824
7506.9805
7506.9785
7506.9775
7506.9751
7506.9731
7506.9707
7506.9678
7506.9653
7506.9629
7506.9531
7506.9399
7506.9263
7506.9131
7506.8989
7506.8901
7506.8838
7506.8770
7506.8706
7506.8643
7506.8560
7506.8477
7506.8389
7506.8306
7506.8223
7506.8052
7506.7866
7506.7686
7506.7495
7506.7314
7506.7275
7506.7261
7506.7241
7506.7227
7506.7207
7506.7075
7506.6943
7506.6807
7506.6675
7506.6538
7506.6543
7506.6548
7506.6553
7506.6558
7506.6563
7506.6533
7506.6504
7506.6484
7506.6455
7506.6436
7506.6445
7506.6445
7506.6445
7506.6455
7506.6426
7506.6279
7506.6128
7506.5977
7506.5830
7506.5708
7506.5635
7506.5566
7506.5498
7506.5430
7506.5332
7506.5200
7506.5059
7506.4927
7506.4785
7506.4653
7506.4512
7506.4375
7506.4238
7506.4097
7506.3975
7506.3857
7506.3740
7506.3623
7506.3506
7506.3389
7506.3262
7506.3135
7506.3008
7506.2886
7506.2842
7506.2837
7506.2837
7506.2837
7506.2832
7506.2813
7506.2788
7506.2764
7506.2739
7506.2710
7506.2715
7506.2729
7506.2744
7506.2759
7506.2773
7506.2637
7506.2471
7506.2314
7506.2153
7506.1987
7506.1982
7506.1982
7506.1982
7506.1987
7506.1987
7506.1836
7506.1680
7506.1523
7506.1372
7506.1230
7506.1196
7506.1162
7506.1123
7506.1089
7506.1030
7506.0864
7506.0693
7506.0527
7506.0361
7506.0210
7506.0093
7505.9980
7505.9873
7505.9756
7505.9668
7505.9648
7505.9629
7505.9604
7505.9575
7505.9561
7505.9531
7505.9507
7505.9482
7505.9453
7505.9448
7505.9463
7505.9473
7505.9487
7505.9502
7505.9424
7505.9263
7505.9102
7505.8945
7505.8789
7505.8696
7505.8652
7505.8613
7505.8574
7505.8535
7505.8413
7505.8257
7505.8101
7505.7939
7505.7788
7505.7734
7505.7725
7505.7715
7505.7695
7505.7686
7505.7529
7505.7344
7505.7153
7505.6973
7505.6782
7505.6646
7505.6509
7505.6377
7505.6250
7505.6113
7505.6069
7505.6021
7505.5977
7505.5938
7505.5889
7505.5869
7505.5850
7505.5825
7505.5801
7505.5781
7505.5781
7505.5781
7505.5771
7505.5767
7505.5737
7505.5581
7505.5430
7505.5273
7505.5117
7255.0605
6182.3037
5109.5464
4036.7891
2963.7090
2228.0115
2261.2637
2294.5256
2327.7676
2361.0298
2386.3088
2398.3462
2410.3909
2422.4321
2434.4729
2450.8015
2472.4058
2494.0229
2515.6333
2537.2441
2557.8608
2577.5435
2597.2261
2616.9089
2636.5977
2657.4448
2679.1003
2700.7622
2722.4111
2744.0730
2764.9807
2785.5056
2806.0366
2826.5557
2847.0864
2860.6497
2871.6670
2882.6909
2893.7114
2904.7322
2925.2354
2948.0398
2970.8442
2993.6484
3016.4597
3033.7705
3050.3018
3066.8335
3083.3647
3099.9011
3119.8501
3139.9902
3160.1362
3180.2700
3200.3853
3218.8508
3237.3052
3255.7703
3274.2300
3292.0166
3302.9702
3313.9172
3324.8708
3335.8210
3348.9226
3373.2449
3397.5601
3421.8755
3446.1904
3467.8064
3480.4834
3493.1602
3505.8408
3518.5139
3532.2366
3548.3433
3564.4502
3580.5620
3596.6641
3614.1135
3633.7925
3653.4600
3673.1392
3692.8120
3709.0569
3721.0542
3733.0479
3745.0417
3757.0356
3769.0925
3781.2119
3793.3276
3805.4431
3817.5588
3833.7058
3852.6553
3871.6047
3890.5601
3909.5098
3922.9868
3933.6563
3944.3188
3954.9883
3965.6545
3976.0718
3986.4009
3996.7236
4007.0527
4017.3821
4036.6963
4058.2227
4079.7422
4101.2617
4122.7881
4136.0391
4148.1069
4160.1748
4172.2427
4184.3140
4193.1846
4201.8735
4210.5625
4219.2539
4228.0376
4242.1606
4256.2881
4270.4067
4284.5342
4298.4683
4310.4155
4322.3706
4334.3218
4346.2729
4357.2407
4363.0337
4368.8301
4374.6250
4380.4199
4389.6484
4410.2593
4430.8701
4451.4814
4472.0986
4488.9756
4497.2627
4505.5518
4513.8359
4522.1250
4531.7798
4543.7227
4555.6685
4567.6074
4579.5537
4590.1714
4599.1313
4608.0967
4617.0591
4626.0220
4630.9370
4632.0684
4633.1997
4634.3311
4635.4624
4642.0352
4652.4126
4662.7900
4673.1680
4683.5488
4691.4517
4698.0786
4704.7070
4711.3315
4717.9600
4732.6152
4750.2119
4767.8193
4785.4155
4803.0229
4815.7178
4827.1958
4838.6807
4850.1621
4861.6440
4864.2241
4865.5166
4866.8086
4868.1016
4869.3940
4875.1777
4881.2222
4887.2666
4893.3105
4899.5957
4920.0830
4940.5708
4961.0645
4981.5464
5001.1338
5011.3071
5021.4746
5031.6479
5041.8184
5051.6099
5059.4043
5067.1943
5074.9888
5082.7808
5089.7407
5093.9204
5098.0996
5102.2783
5106.4570
5115.4565
5135.5918
5155.7275
5175.8687
5195.9976
5210.8140
5216.6875
5222.5576
5228.4316
5234.3037
5240.8921
5248.3770
5255.8569
5263.3418
5270.8262
5275.7261
5278.2070
5280.6885
5283.1689
5285.6504
5293.0986
5304.0342
5314.9692
5325.9043
5336.8428
5347.5352
5358.1025
5368.6694
5379.2402
5389.8071
5392.1328
5391.4121
5390.6914
5389.9707
5389.2500
5395.4995
5403.4775
5411.4512
5419.4292
5427.4072
5446.7954
5467.8564
5488.9111
5509.9663
5531.0273
5534.7729
5537.4990
5540.2246
5542.9512
5545.6694
5547.9482
5550.2266
5552.5059
5554.7852
5557.5244
5565.0991
5572.6758
5580.2480
5587.8247
5596.4863
5610.8999
5625.3218
5639.7393
5654.1572
5666.9756
5674.4155
5681.8594
5689.3018
5696.7432
5702.2578
5703.2910
5704.3242
5705.3569
5706.3906
5708.7690
5713.4150
5718.0625
5722.7075
5727.3550
5737.4204
5754.2803
5771.1455
5788.0000
5804.8647
5816.5386
5823.3232
5830.1123
5836.8989
5843.6855
5851.1377
5859.0557
5866.9736
5874.8916
5882.8115
5885.0225
5884.2671
5883.5107
5882.7549
5881.9990
5895.9443
5915.3486
5934.7578
5954.1563
5973.5659
5980.6709
5984.7090
5988.7500
5992.7891
5996.8281
6005.2666
6014.3452
6023.4297
6032.5112
6041.5923
6043.4053
6044.7793
6046.1533
6047.5273
6048.9951
6056.6533
6064.3125
6071.9731
6079.6294
6088.2910
6107.5771
6126.8633
6146.1548
6165.4351
6172.9854
6117.6309
6062.3101
6006.9556
5951.6177
5910.2153
5915.8276
5921.4385
5927.0488
5932.6592
5936.7588
5937.3330
5937.9063
5938.4800
5939.0537
5948.1206
5971.5537
5994.9873
6018.4272
6041.8604
6057.7012
6063.9927
6070.2793
6076.5703
6082.8594
6088.7886
6094.3804
6099.9688
6105.5596
6111.1514
6113.3569
6113.1694
6112.9814
6112.7944
6112.6064
6111.7886
6110.6421
6109.4951
6108.3486
6107.2021
6122.7559
6144.5391
6166.3218
6188.1113
6209.8945
6216.5654
6219.4502
6222.3335
6225.2188
6228.1040
6227.2197
6225.7778
6224.3359
6222.8950
6221.4531
6225.4785
6229.8398
6234.1997
6238.5596
6243.0151
6254.1372
6265.2598
6276.3818
6287.5078
6298.1382
6303.4888
6308.8408
6314.1895
6319.5415
6325.2334
6332.7690
6340.3066
6347.8398
6355.3779
6360.7158
6358.6055
6356.4932
6354.3823
6352.2715
6348.3945
6340.3867
6332.3789
6324.3711
6316.3638
6320.0195
6343.4863
6366.9531
6390.4199
6413.8945
6427.7188
6429.3667
6431.0156
6432.6631
6434.3125
6434.7480
6434.0352
6433.3213
6432.6079
6431.8940
6430.9629
6429.8774
6428.7910
6427.7056
6426.6196
6433.9888
6445.7891
6457.5889
6469.3896
6481.1934
6483.5615
6482.3955
6481.2295
6480.0635
6478.8975
6479.1650
6479.7939
6480.4229
6481.0513
6481.6802
6476.4771
6470.4067
6464.3330
6458.2612
6452.1895
6451.6147
6451.3838
6451.1519
6450.9209
6450.9170
6468.7222
6486.5220
6504.3218
6522.1221
6538.9561
6545.2290
6551.5020
6557.7773
6564.0498
6570.0957
6574.9111
6579.7236
6584.5391
6589.3530
6592.1226
6587.9238
6583.7275
6579.5293
6575.3306
6570.5068
6564.2031
6557.9014
6551.5996
6545.2959
6547.3809
6563.7627
6580.1445
6596.5264
6612.9131
6621.7139
6620.9038
6620.0947
6619.2852
6618.4761
6618.8418
6620.3262
6621.8096
6623.2939
6624.7788
6621.3613
6614.4473
6607.5371
6600.6221
6593.7080
6589.9668
6587.8916
6585.8184
6583.7441
6581.6694
6603.8633
6635.1914
6666.5195
6697.8569
6729.1846
6722.6362
6706.4893
6690.3428
6674.1924
6658.0459
6653.8232
6651.3960
6648.9702
6646.5425
6644.1152
6639.2813
6634.2920
6629.3037
6624.3164
6619.4160
6621.8306
6624.2461
6626.6611
6629.0762
6633.1851
6655.9146
6678.6445
6701.3745
6724.1113
6742.5645
6737.6396
6732.7129
6727.7891
6722.8623
6717.4766
6710.5127
6703.5464
6696.5840
6689.6182
6680.8916
6668.0176
6655.1348
6642.2563
6629.3779
6624.5068
6633.3496
6642.1919
6651.0342
6659.8794
6676.2593
6702.2266
6728.1943
6754.1611
6780.1367
6787.4341
6776.8955
6766.3535
6755.8179
6745.2759
6734.7974
6724.3701
6713.9370
6703.5068
6693.0767
6679.2744
6663.7002
6648.1167
6632.5381
6616.9595
6631.4736
6657.3726
6683.2715
6709.1709
6735.0781
6748.8745
6759.5869
6770.3022
6781.0112
6791.7266
6795.1230
6797.4092
6799.6958
6801.9814
6804.2681
6804.4961
6804.5928
6804.6890
6804.7847
6804.4482
6764.5723
6724.7085
6684.8447
6644.9688
6609.4551
6622.4111
6635.3633
6648.3159
6661.2725
6678.0806
6716.1162
6754.1514
6792.1982
6830.2334
6859.1489
6856.6543
6854.1616
6851.6670
6849.1738
6846.3555
6842.7642
6839.1758
6835.5845
6831.9937
6812.4438
6765.4224
6718.4160
6671.4092
6624.3882
6602.2070
6611.7207
6621.2344
6630.7471
6640.2637
6653.4365
6670.1172
6686.7979
6703.4839
6720.1646
6732.2300
6740.9800
6749.7251
6758.4756
6767.2256
6771.1328
6772.4736
6773.8145
6775.1543
6776.4951
6751.1738
6715.7002
6680.2363
6644.7734
6609.2993
6609.1104
6617.9590
6626.8086
6635.6606
6644.5103
6653.9790
6663.5449
6673.1055
6682.6719
6692.2354
6698.9248
6705.4287
6711.9287
6718.4331
6724.8662
6724.5088
6724.1514
6723.7939
6723.4370
6720.5874
6689.6582
6658.7295
6627.8008
6596.8716
6572.1123
6581.6147
6591.1167
6600.6187
6610.1240
6619.2261
6626.9434
6634.6631
6642.3789
6650.0991
6655.5288
6655.5010
6655.4741
6655.4473
6655.4194
6659.8345
6671.9067
6683.9868
6696.0625
6708.1387
6704.2461
6679.8828
6655.5195
6631.1563
6606.7856
6594.2939
6593.2261
6592.1577
6591.0894
6590.0210
6593.2344
6599.5361
6605.8398
6612.1401
6618.4438
6622.0361
6624.1826
6626.3301
6628.4766
6630.6230
6629.4863
6627.0967
6624.7061
6622.3164
6619.9258
6607.5537
6592.6104
6577.6665
6562.7183
6547.7749
6548.4917
6551.6226
6554.7544
6557.8853
6561.0166
6563.9087
6566.7832
6569.6592
6572.5347
6575.3579
6572.4976
6569.6396
6566.7793
6563.9189
6560.3589
6548.7656
6537.1748
6525.5850
6513.9912
6503.2900
6497.5508
6491.8115
6486.0723
6480.3315
6476.5029
6479.3223
6482.1426
6484.9629
6487.7827
6489.8301
6490.0273
6490.2236
6490.4209
6490.6182
6489.4360
6485.8633
6482.2930
6478.7197
6475.1470
6468.8628
6459.0815
6449.3027
6439.5239
6429.7422
6423.4761
6420.6021
6417.7280
6414.8535
6411.9790
6415.2510
6422.9722
6430.6943
6438.4180
6446.1396
6446.8662
6443.8467
6440.8286
6437.8086
6434.7896
6429.8662
6424.2090
6418.5537
6412.8979
6407.2402
6389.3096
6368.1846
6347.0654
6325.9458
6304.8208
6310.7148
6320.8066
6330.8979
6340.9927
6351.0840
6352.7930
6353.9365
6355.0796
6356.2231
6357.2964
6349.7720
6342.2451
6334.7231
6327.1963
6319.3779
6308.1948
6297.0054
6285.8193
6274.6328
6264.4360
6259.8203
6255.2046
6250.5889
6245.9722
6241.4316
6237.1523
6232.8726
6228.5928
6224.3125
6221.5459
6222.4194
6223.2930
6224.1660
6225.0396
6224.9932
6223.3486
6221.7031
6220.0576
6218.4121
6207.6929
6185.2671
6162.8281
6140.3960
6117.9634
6107.0269
6107.2441
6107.4619
6107.6797
6107.8975
6105.8516
6102.1606
6098.4688
6094.7783
6091.0859
6088.5166
6086.5488
6084.5806
6082.6138
6080.6460
6072.4487
6061.8569
6051.2588
6040.6606
6030.0693
6013.3643
5995.0713
5976.7778
5958.4795
5940.1919
5937.4097
5937.0625
5936.7158
5936.3687
5936.0220
5931.3940
5926.4736
5921.5508
5916.6304
5912.1230
5964.4980
6016.8408
6069.2158
6121.5752
6167.9639
6144.2769
6120.6045
6096.9175
6073.2310
6053.0044
6052.3262
6051.6479
6050.9697
6050.2915
6048.2202
6041.2485
6034.2764
6027.3052
6020.3311
6014.4126
6011.0381
6007.6631
6004.2881
6000.9131
5990.8970
5969.2705
5947.6572
5926.0313
5904.4043
5891.1641
5888.7778
5886.3926
5884.0073
5881.6211
5878.0176
5873.2256
5868.4346
5863.6445
5858.8521
5855.2656
5852.5581
5849.8506
5847.1426
5844.4346
5835.3594
5822.8442
5810.3359
5797.8213
5785.3091
5773.9609
5763.0601
5752.1660
5741.2646
5730.3638
5724.2124
5719.3003
5714.3896
5709.4800
5704.5684
5703.9170
5703.9385
5703.9590
5703.9800
5704.0010
5695.6074
5686.6289
5677.6504
5668.6689
5659.6138
5638.5278
5617.4355
5596.3564
5575.2642
5555.7910
5555.4878
5555.1836
5554.8799
5554.5762
5553.6514
5549.1885
5544.7222
5540.2578
5535.7930
5531.8848
5529.9497
5528.0142
5526.0791
5524.1431
5516.1602
5493.5005
5470.8408
5448.1816
5425.5156
5409.4922
5405.1079
5400.7222
5396.3394
5391.9541
5387.9131
5384.3232
5380.7310
5377.1401
5373.5488
5368.2056
5361.1553
5354.1011
5347.0469
5339.9966
5329.4692
5316.4004
5303.3320
5290.2593
5277.1909
5269.2500
5264.0864
5258.9209
5253.7578
5248.5947
5244.8569
5241.6758
5238.4932
5235.3110
5232.1289
5226.4995
5220.2280
5213.9526
5207.6772
5201.4058
5181.6650
5159.7847
5137.9043
5116.0176
5094.1372
5087.0581
5081.0229
5074.9873
5068.9502
5062.9160
5057.1279
5051.3398
5045.5498
5039.7617
5033.6592
5023.7700
5013.8867
5003.9980
4994.1084
4983.0815
4965.4619
4947.8535
4930.2334
4912.6143
4898.2310
4895.3247
4892.4189
4889.5137
4886.6069
4881.5024
4871.0381
4860.5742
4850.1069
4839.6426
4825.9092
4806.4199
4786.9307
4767.4355
4747.9463
4735.1411
4731.0688
4726.9990
4722.9268
4718.8545
4713.1396
4705.8076
4698.4780
4691.1479
4683.8164
4675.8052
4667.2861
4658.7695
4650.2529
4641.7339
4635.0127
4629.2681
4623.5234
4617.7764
4612.0317
4606.2051
4600.3452
4594.4883
4588.6279
4582.7700
4572.0942
4560.1367
4548.1865
4536.2290
4524.2720
4506.8052
4488.4438
4470.0879
4451.7319
4433.3706
4422.5122
4412.1909
4401.8691
4391.5444
4381.2354
4373.7261
4366.2168
4358.7075
4351.1953
4343.3223
4331.0146
4318.7031
4306.3994
4294.0879
4281.5112
4267.4092
4253.2983
4239.1914
4225.0850
4211.4214
4199.3613
4187.2939
4175.2305
4163.1670
4151.0825
4138.9590
4126.8350
4114.7109
4102.5835
4087.7644
4068.1807
4048.5908
4029.0127
4009.4229
3995.2690
3988.2366
3981.2021
3974.1699
3967.1377
3958.0608
3946.9810
3935.8945
3924.8081
3913.7285
3894.0898
3868.1465
3842.2031
3816.2520
3790.3167
3778.2720
3773.8289
3769.3855
3764.9409
3760.4976
3750.0186
3737.1704
3724.3181
3711.4697
3698.6216
3673.9985
3646.2534
3618.4919
3590.7385
3562.9851
3552.6987
3545.2437
3537.7842
3530.3247
3522.8696
3506.7603
3490.0247
3473.2896
3456.5491
3439.7910
3416.7432
3393.6951
3370.6470
3347.5920
3324.9771
3307.7075
3290.4380
3273.1636
3255.8943
3238.4094
3219.6611
3200.9243
3182.1760
3163.4277
3145.4246
3130.0515
3114.6836
3099.3149
3083.9421
3069.3274
3056.5476
3043.7720
3030.9961
3018.2168
3001.0515
2976.0969
2951.1421
2926.1802
2901.2253
2879.4707
2861.9229
2844.3857
2826.8376
2809.2952
2789.4102
2767.2043
2745.0117
2722.8059
2700.6001
2682.0842
2666.2825
2650.4854
2634.6882
2618.8865
2595.5054
2567.9673
2540.4287
2512.8904
2485.3438
2467.9565
2454.5715
2441.1865
2427.7979
2414.4126
2389.6899
2361.9175
2334.1619
2306.3896
2278.6169
2259.1101
2240.9341
2222.7690
2204.5933
2186.4172
2155.3467
2123.3062
2091.2754
2059.2444
2027.2200
2001.1150
1975.0099
1948.9049
1922.7920
1896.6532
1870.0917
1843.5303
1816.9689
1790.3995
1763.9243
1737.9563
1711.9802
1686.0200
1660.0441
1633.8142
1606.6838
1579.5370
1552.3901
1525.2598
1495.7350
1460.3567
1424.9570
1389.5574
1354.1790
1316.5471
1274.9487
1233.3502
1191.7393
1150.1409
1107.1483
1062.3137
1017.4655
972.6309
927.7962
880.7423
831.5320
782.2921
733.0671
683.8420
617.7033
539.0462
460.3418
381.6374
302.9803
239.0358
