4211.1323
4802.9209
5394.7324
5986.5210
6055.9517
6043.9761
6032.0010
6020.0269
6008.0518
5996.0771
5984.1025
5972.1274
5960.1533
5948.1777
5937.7598
5928.3174
5918.8750
5909.4326
5899.9902
5890.5479
5881.1055
5871.6631
5862.2202
5852.7783
5851.4170
5864.1836
5876.9492
5889.7148
5902.4810
5915.2466
5928.0117
5940.7778
5953.5435
5966.3096
5977.6060
5977.4077
5977.2085
5977.0093
5976.8105
5976.6113
5976.4121
5976.2134
5976.0142
5975.8154
5975.6162
5981.0742
5987.4326
5993.7915
6000.1504
6006.5088
6012.8677
6019.2261
6025.5850
6031.9434
6038.3018
6033.1055
6020.5850
6008.0630
5995.5410
5983.0195
5970.4980
5957.9771
5945.4556
5932.9341
5920.4126
5910.0430
5903.4771
5896.9111
5890.3452
5883.7793
5877.2134
5870.6475
5864.0811
5857.5156
5850.9497
5844.6104
5840.0894
5835.5684
5831.0479
5826.5269
5822.0063
5817.4854
5812.9648
5808.4443
5803.9229
5799.4023
5802.3267
5806.4614
5810.5967
5814.7314
5818.8662
5823.0010
5827.1362
5831.2710
5835.4063
5839.5410
5847.9512
5859.1011
5870.2510
5881.4014
5892.5508
5903.7012
5914.8516
5926.0005
5937.1514
5948.3003
5956.9258
5961.0415
5965.1567
5969.2725
5973.3877
5977.5029
5981.6187
5985.7344
5989.8491
5993.9648
5997.7749
5999.0674
6000.3608
6001.6538
6002.9463
6004.2397
6005.5327
6006.8257
6008.1187
6009.4116
6010.7046
6019.1201
6028.7188
6038.3169
6047.9150
6057.5137
6067.1123
6076.7100
6086.3086
6095.9067
6105.5059
6111.4136
6114.9321
6118.4502
6121.9688
6125.4873
6129.0059
6132.5244
6136.0430
6139.5615
6143.0801
6148.6494
6157.9248
6167.1992
6176.4746
6185.7490
6195.0234
6204.2993
6213.5742
6222.8491
6232.1235
6240.7139
6243.5107
6246.3076
6249.1045
6251.9014
6254.6982
6257.4951
6260.2920
6263.0894
6265.8862
6268.6826
6268.1382
6267.0278
6265.9170
6264.8062
6263.6953
6262.5850
6261.4736
6260.3633
6259.2524
6258.1416
6252.8491
6244.8208
6236.7915
6228.7632
6220.7349
6212.7061
6204.6768
6196.6484
6188.6196
6180.5913
6180.3828
6194.4575
6208.5342
6222.6084
6236.6826
6250.7598
6264.8340
6278.9097
6292.9854
6307.0596
6318.4409
6306.4019
6294.3628
6282.3252
6270.2861
6258.2471
6246.2080
6234.1694
6222.1304
6210.0923
6198.0532
6204.9429
6215.1050
6225.2671
6235.4297
6245.5928
6255.7559
6265.9189
6276.0811
6286.2441
6296.4067
6305.4321
6313.7051
6321.9785
6330.2524
6338.5254
6346.7988
6355.0723
6363.3457
6371.6191
6379.8926
6382.5649
6374.8940
6367.2231
6359.5522
6351.8818
6344.2100
6336.5391
6328.8687
6321.1973
6313.5264
6304.7402
6285.9893
6267.2393
6248.4883
6229.7373
6210.9863
6192.2368
6173.4873
6154.7344
6135.9849
6117.2339
6116.2466
6118.3940
6120.5410
6122.6885
6124.8359
6126.9834
6129.1304
6131.2778
6133.4253
6135.5728
6134.8623
6132.2422
6129.6221
6127.0020
6124.3818
6121.7622
6119.1421
6116.5225
6113.9023
6111.2817
6102.2476
6081.2358
6060.2207
6039.2070
6018.1948
5997.1807
5976.1689
5955.1553
5934.1401
5913.1279
5894.2051
5894.4927
5894.7803
5895.0679
5895.3555
5895.6426
5895.9307
5896.2178
5896.5054
5896.7930
5897.0806
5904.2651
5912.6895
5921.1152
5929.5405
5937.9648
5946.3906
5954.8159
5963.2412
5971.6660
5980.0913
5991.9131
6006.0283
6020.1460
6034.2612
6048.3770
6062.4941
6076.6094
6090.7256
6104.8408
6118.9575
6129.2202
6132.2046
6135.1904
6138.1748
6141.1602
6144.1450
6147.1299
6150.1152
6153.1001
6156.0850
6159.3613
6165.3960
6171.4297
6177.4629
6183.4971
6189.5313
6195.5654
6201.5991
6207.6328
6213.6665
6219.7002
6216.0273
6210.5728
6205.1187
6199.6641
6194.2090
6188.7544
6183.2998
6177.8457
6172.3916
6166.9360
6161.8906
6157.1250
6152.3584
6147.5923
6142.8262
6138.0596
6133.2930
6128.5273
6123.7612
6118.9941
6111.8198
6100.0474
6088.2744
6076.5020
6064.7285
6052.9546
6041.1826
6029.4102
6017.6367
6005.8638
5993.9907
5981.1479
5968.3057
5955.4619
5942.6191
5929.7754
5916.9336
5904.0903
5891.2471
5878.4048
5865.5615
5870.1890
5878.0840
5885.9795
5893.8760
5901.7710
5909.6660
5917.5615
5925.4570
5933.3530
5941.2485
5953.0884
5967.6494
5982.2129
5996.7754
6011.3359
6025.8979
6040.4590
6055.0215
6069.5835
6084.1455
6097.8496
6109.8994
6121.9512
6134.0020
6146.0518
6158.1025
6170.1523
6182.2026
6194.2544
6206.3042
6217.5889
6221.1772
6224.7661
6228.3550
6231.9438
6235.5327
6239.1211
6242.7104
6246.2993
6249.8877
6253.4761
6270.8638
6290.8823
6310.9014
6330.9199
6350.9370
6370.9541
6390.9741
6410.9927
6431.0103
6451.0288
6460.1211
6461.5981
6463.0752
6464.5518
6466.0283
6467.5054
6468.9824
6470.4595
6471.9355
6473.4126
6468.4082
6450.7451
6433.0791
6415.4170
6397.7539
6380.0879
6362.4238
6344.7612
6327.0967
6309.4336
6292.6772
6285.3291
6277.9824
6270.6357
6263.2891
6255.9414
6248.5942
6241.2471
6233.9004
6226.5532
6219.2065
6221.8477
6226.4282
6231.0093
6235.5898
6240.1714
6244.7524
6249.3335
6253.9146
6258.4951
6263.0767
6260.9404
6254.0742
6247.2065
6240.3403
6233.4731
6226.6055
6219.7393
6212.8726
6206.0054
6199.1387
6194.2485
6193.2637
6192.2793
6191.2944
6190.3096
6189.3252
6188.3398
6187.3555
6186.3711
6185.3862
6184.6548
6186.6318
6188.6089
6190.5854
6192.5630
6194.5400
6196.5171
6198.4941
6200.4712
6202.4482
6204.4253
6195.5928
6184.6226
6173.6514
6162.6802
6151.7090
6140.7388
6129.7676
6118.7964
6107.8252
6096.8540
6090.4658
6087.3389
6084.2119
6081.0850
6077.9580
6074.8306
6071.7036
6068.5767
6065.4492
6062.3223
6064.6138
6077.7305
6090.8496
6103.9668
6117.0840
6130.2012
6143.3184
6156.4355
6169.5547
6182.6714
6195.6797
6207.4902
6219.3013
6231.1123
6242.9229
6254.7324
6266.5425
6278.3540
6290.1646
6301.9746
6313.7842
6325.1772
6336.4854
6347.7935
6359.1016
6370.4092
6381.7168
6393.0259
6404.3345
6415.6416
6426.9497
6432.6792
6434.3960
6436.1133
6437.8306
6439.5479
6441.2646
6442.9824
6444.6992
6446.4160
6448.1333
6451.8252
6459.5068
6467.1899
6474.8711
6482.5527
6490.2354
6497.9170
6505.5996
6513.2813
6520.9634
6526.7954
6511.4648
6496.1357
6480.8076
6465.4785
6450.1484
6434.8188
6419.4897
6404.1611
6388.8330
6373.5029
6354.1069
6333.8804
6313.6533
6293.4248
6273.1963
6252.9678
6232.7397
6212.5127
6192.2861
6172.0562
6163.1689
6162.5229
6161.8760
6161.2305
6160.5840
6159.9375
6159.2910
6158.6445
6157.9985
6157.3521
6158.5845
6163.6558
6168.7280
6173.7998
6178.8721
6183.9443
6189.0156
6194.0874
6199.1597
6204.2319
6208.8765
6208.4634
6208.0508
6207.6372
6207.2246
6206.8115
6206.3984
6205.9854
6205.5723
6205.1592
6204.7461
6206.6548
6209.0474
6211.4399
6213.8330
6216.2261
6218.6191
6221.0117
6223.4048
6225.7974
6228.1909
6229.3657
6229.6465
6229.9277
6230.2090
6230.4902
6230.7715
6231.0527
6231.3335
6231.6147
6231.8960
6234.8970
6243.5234
6252.1484
6260.7754
6269.4014
6278.0273
6286.6523
6295.2778
6303.9053
6312.5308
6320.7729
6324.3052
6327.8364
6331.3691
6334.9004
6338.4326
6341.9639
6345.4961
6349.0283
6352.5601
6356.0918
6346.1680
6333.3823
6320.5991
6307.8145
6295.0308
6282.2471
6269.4609
6256.6772
6243.8936
6231.1089
6224.4224
6222.2598
6220.0967
6217.9336
6215.7715
6213.6084
6211.4453
6209.2827
6207.1196
6204.9570
6203.4609
6203.3608
6203.2603
6203.1597
6203.0596
6202.9590
6202.8584
6202.7578
6202.6577
6202.5571
6201.9995
6195.6152
6189.2314
6182.8486
6176.4648
6170.0811
6163.6973
6157.3135
6150.9302
6144.5469
6138.1631
6138.2349
6139.7031
6141.1714
6142.6396
6144.1079
6145.5767
6147.0449
6148.5127
6149.9810
6151.4492
6154.7910
6159.5356
6164.2813
6169.0264
6173.7715
6178.5176
6183.2622
6188.0073
6192.7524
6197.4976
6202.4692
6207.9180
6213.3677
6218.8164
6224.2666
6229.7158
6235.1646
6240.6138
6246.0630
6251.5127
6257.1001
6264.5156
6271.9307
6279.3457
6286.7627
6294.1777
6301.5928
6309.0083
6316.4233
6323.8398
6331.2554
6329.8457
6326.4961
6323.1465
6319.7964
6316.4468
6313.0972
6309.7471
6306.3975
6303.0474
6299.6978
6296.2319
6292.6787
6289.1260
6285.5723
6282.0186
6278.4658
6274.9126
6271.3594
6267.8052
6264.2524
6260.1567
6254.8984
6249.6406
6244.3823
6239.1250
6233.8667
6228.6089
6223.3511
6218.0923
6212.8345
6208.3208
6214.0474
6219.7734
6225.5000
6231.2266
6236.9521
6242.6782
6248.4043
6254.1318
6259.8574
6265.5840
6271.3374
6277.0962
6282.8564
6288.6162
6294.3755
6300.1348
6305.8955
6311.6543
6317.4136
6323.1738
6327.2593
6330.0645
6332.8696
6335.6743
6338.4795
6341.2842
6344.0898
6346.8945
6349.6992
6352.5044
6351.1270
6340.6870
6330.2480
6319.8105
6309.3721
6298.9336
6288.4932
6278.0557
6267.6162
6257.1787
6247.0210
6240.8853
6234.7510
6228.6172
6222.4824
6216.3477
6210.2129
6204.0781
6197.9438
6191.8096
6185.6748
6184.8086
6185.1416
6185.4741
6185.8066
6186.1392
6186.4717
6186.8047
6187.1372
6187.4697
6187.8027
6187.0234
6185.3838
6183.7446
6182.1055
6180.4658
6178.8262
6177.1875
6175.5479
6173.9087
6172.2690
6168.6665
6160.7646
6152.8633
6144.9614
6137.0596
6129.1563
6121.2534
6113.3516
6105.4497
6097.5469
6090.3545
6093.7617
6097.1689
6100.5762
6103.9839
6107.3911
6110.7983
6114.2056
6117.6123
6121.0205
6124.4282
6122.6045
6119.5708
6116.5371
6113.5029
6110.4692
6107.4355
6104.4023
6101.3687
6098.3350
6095.3013
6094.3569
6095.0449
6095.7324
6096.4209
6097.1084
6097.7969
6098.4844
6099.1724
6099.8608
6100.5483
6102.9790
6109.2734
6115.5679
6121.8643
6128.1587
6134.4531
6140.7480
6147.0425
6153.3379
6159.6333
6165.1621
6158.7427
6152.3228
6145.9014
6139.4814
6133.0620
6126.6406
6120.2212
6113.7998
6107.3804
6100.9604
6102.0571
6104.9229
6107.7896
6110.6553
6113.5205
6116.3867
6119.2520
6122.1191
6124.9844
6127.8501
6128.8804
6128.4614
6128.0430
6127.6240
6127.2056
6126.7871
6126.3682
6125.9497
6125.5313
6125.1123
6122.4922
6114.9316
6107.3726
6099.8135
6092.2544
6084.6953
6077.1338
6069.5747
6062.0151
6054.4561
6047.1826
6044.5879
6041.9932
6039.3989
6036.8047
6034.2104
6031.6157
6029.0215
6026.4268
6023.8325
6021.2378
6017.9824
6014.5693
6011.1553
6007.7422
6004.3281
6000.9141
5997.5010
5994.0879
5990.6738
5987.2607
5979.9253
5969.4668
5959.0083
5948.5498
5938.0913
5927.6309
5917.1729
5906.7124
5896.2539
5885.7949
5876.4463
5869.6235
5862.7998
5855.9756
5849.1523
5842.3281
5835.5044
5828.6812
5821.8579
5815.0337
5808.5371
5807.6519
5806.7671
5805.8823
5804.9971
5804.1123
5803.2271
5802.3418
5801.4570
5800.5723
5799.6870
5802.1006
5805.3164
5808.5313
5811.7471
5814.9619
5818.1768
5821.3916
5824.6069
5827.8228
5831.0381
5844.4292
5866.0156
5887.6025
5909.1924
5930.7827
5952.3696
5973.9565
5995.5435
6017.1333
6038.7207
6056.4019
6065.1006
6073.7998
6082.5000
6091.1992
6099.8984
6108.5991
6117.2983
6125.9985
6134.6982
6144.0703
6165.5757
6187.0845
6208.5938
6230.0986
6251.6045
6273.1099
6294.6152
6316.1240
6337.6328
6359.1382
6364.3545
6365.5488
6366.7432
6367.9370
6369.1309
6370.3252
6371.5195
6372.7134
6373.9077
6375.1016
6362.3057
6338.1260
6313.9424
6289.7627
6265.5830
6241.4033
6217.2197
6193.0366
6168.8569
6144.6772
6126.7139
6123.2095
6119.7061
6116.2012
6112.6978
6109.1938
6105.6895
6102.1860
6098.6821
6095.1777
6092.0605
6096.2749
6100.4883
6104.7021
6108.9160
6113.1299
6117.3442
6121.5581
6125.7715
6129.9849
6134.1987
6138.5566
6142.9512
6147.3442
6151.7373
6156.1309
6160.5254
6164.9185
6169.3125
6173.7061
6178.0996
6190.5088
6209.5063
6228.5029
6247.5034
6266.5005
6285.5005
6304.4976
6323.4951
6342.4917
6361.4893
6373.8027
6370.3765
6366.9492
6363.5229
6360.0962
6356.6689
6353.2417
6349.8149
6346.3887
6342.9614
6339.2808
6330.5244
6321.7666
6313.0107
6304.2539
6295.4961
6286.7402
6277.9834
6269.2275
6260.4683
6251.7119
6249.2690
6248.4346
6247.5996
6246.7651
6245.9307
6245.0957
6244.2617
6243.4268
6242.5923
6241.7578
6237.7861
6231.2104
6224.6353
6218.0586
6211.4829
6204.9072
6198.3311
6191.7554
6185.1787
6178.6030
6173.3794
6171.3750
6169.3711
6167.3662
6165.3623
6163.3584
6161.3535
6159.3496
6157.3457
6155.3408
6153.4902
6154.8862
6156.2822
6157.6787
6159.0752
6160.4712
6161.8672
6163.2637
6164.6597
6166.0562
6167.4517
6155.8672
6140.9175
6125.9688
6111.0220
6096.0752
6081.1279
6066.1816
6051.2300
6036.2837
6021.3364
6014.9214
6015.6655
6016.4106
6017.1553
6017.8994
6018.6440
6019.3887
6020.1333
6020.8774
6021.6221
6021.6714
6020.0435
6018.4160
6016.7886
6015.1611
6013.5332
6011.9053
6010.2778
6008.6504
6007.0229
6005.3311
6002.1841
5999.0381
5995.8911
5992.7451
5989.5986
5986.4521
5983.3062
5980.1602
5977.0132
5973.8672
5968.6274
5962.8384
5957.0493
5951.2607
5945.4707
5939.6812
5933.8921
5928.1030
5922.3145
5916.5254
5912.2676
5909.3096
5906.3516
5903.3940
5900.4365
5897.4780
5894.5195
5891.5620
5888.6045
5885.6465
5882.7075
5879.8149
5876.9224
5874.0298
5871.1372
5868.2441
5865.3521
5862.4595
5859.5674
5856.6743
5853.7856
5850.9907
5848.1958
5845.4014
5842.6064
5839.8105
5837.0156
5834.2207
5831.4258
5828.6309
5825.8359
5829.5234
5834.9424
5840.3608
5845.7803
5851.1982
5856.6162
5862.0342
5867.4531
5872.8726
5878.2905
5882.0698
5884.4453
5886.8218
5889.1982
5891.5742
5893.9497
5896.3257
5898.7012
5901.0776
5903.4531
5905.0752
5904.8330
5904.5903
5904.3477
5904.1055
5903.8633
5903.6201
5903.3779
5903.1357
5902.8931
5902.6689
5902.9160
5903.1631
5903.4092
5903.6563
5903.9033
5904.1504
5904.3970
5904.6440
5904.8906
5905.1377
5906.7798
5908.7998
5910.8198
5912.8403
5914.8604
5916.8809
5918.9009
5920.9209
5922.9414
5924.9609
5929.9907
5937.6226
5945.2539
5952.8877
5960.5195
5968.1509
5975.7842
5983.4160
5991.0488
5998.6807
6004.2617
6004.7095
6005.1572
6005.6055
6006.0537
6006.5010
6006.9492
6007.3975
6007.8452
6008.2935
6008.7632
6009.8306
6010.8979
6011.9658
6013.0332
6014.1006
6015.1689
6016.2358
6017.3042
6018.3716
6019.4390
6021.5259
6023.8936
6026.2607
6028.6274
6030.9941
6033.3613
6035.7290
6038.0962
6040.4634
6042.8306
6043.9702
6044.0371
6044.1040
6044.1709
6044.2373
6044.3047
6044.3711
6044.4380
6044.5049
6044.5718
6045.3955
6048.1382
6050.8804
6053.6221
6056.3643
6059.1064
6061.8496
6064.5918
6067.3335
6070.0757
6072.5459
6066.8403
6061.1343
6055.4297
6049.7246
6044.0200
6038.3145
6032.6094
6026.9038
6021.1987
6015.4941
6013.9907
6013.6602
6013.3296
6013.0000
6012.6694
6012.3389
6012.0088
6011.6787
6011.3486
6011.0181
6009.2671
6006.2617
6003.2573
6000.2520
5997.2471
5994.2417
5991.2363
5988.2314
5985.2261
5982.2212
5980.0815
5980.1626
5980.2441
5980.3247
5980.4063
5980.4873
5980.5684
5980.6494
5980.7305
5980.8120
5980.9043
5981.3623
5981.8198
5982.2773
5982.7354
5983.1934
5983.6514
5984.1089
5984.5664
5985.0249
5985.4824
5988.1899
5991.5352
5994.8799
5998.2256
6001.5703
6004.9150
6008.2598
6011.6055
6014.9512
6018.2954
6021.2690
6023.9111
6026.5537
6029.1963
6031.8384
6034.4805
6037.1230
6039.7651
6042.4077
6045.0503
6052.4365
6072.1465
6091.8564
6111.5688
6131.2793
6150.9888
6170.7021
6190.4116
6210.1245
6229.8340
6249.1235
6253.3706
6257.6187
6261.8667
6266.1138
6270.3613
6274.6084
6278.8555
6283.1040
6287.3516
6291.5986
6294.0078
6295.8887
6297.7695
6299.6504
6301.5313
6303.4121
6305.2930
6307.1733
6309.0542
6310.9351
6321.3774
6339.5371
6357.6929
6375.8486
6394.0049
6412.1611
6430.3232
6448.4795
6466.6357
6484.7920
6498.0679
6498.4961
6498.9248
6499.3525
6499.7813
6500.2095
6500.6377
6501.0664
6501.4951
6501.9233
6501.8325
6481.2651
6460.7002
6440.1357
6419.5713
6399.0039
6378.4365
6357.8721
6337.3076
6316.7427
6296.1782
6283.8032
6273.8242
6263.8447
6253.8652
6243.8857
6233.9053
6223.9258
6213.9443
6203.9648
6193.9858
6180.0293
6162.4565
6144.8838
6127.3086
6109.7358
6092.1602
6074.5879
6057.0146
6039.4424
6021.8667
6005.2559
5991.2158
5977.1758
5963.1353
5949.0933
5935.0527
5921.0107
5906.9707
5892.9307
5878.8887
5865.3608
5874.4019
5883.4448
5892.4863
5901.5283
5910.5698
5919.6113
5928.6523
5937.6948
5946.7378
5955.7788
5964.3525
5972.7876
5981.2222
5989.6587
5998.0947
6006.5303
6014.9648
6023.3994
6031.8364
6040.2710
6050.7778
6063.1860
6075.5938
6088.0039
6100.4116
6112.8198
6125.2295
6137.6382
6150.0479
6162.4561
6175.6465
6190.9497
6206.2559
6221.5610
6236.8643
6252.1670
6267.4707
6282.7734
6298.0791
6313.3848
6328.6997
6344.5933
6360.4863
6376.3828
6392.2764
6408.1729
6424.0664
6439.9595
6455.8555
6471.7490
6487.6431
6481.4233
6468.5625
6455.6992
6442.8389
6429.9775
6417.1172
6404.2559
6391.3906
6378.5298
6365.6689
6356.3916
6350.4414
6344.4932
6338.5435
6332.5947
6326.6460
6320.6963
6314.7480
6308.7988
6302.8491
6296.3589
6288.3857
6280.4136
6272.4414
6264.4692
6256.4971
6248.5225
6240.5508
6232.5791
6224.6069
6216.4297
6196.4316
6176.4336
6156.4385
6136.4438
6116.4492
6096.4512
6076.4561
6056.4580
6036.4629
6016.4683
6017.7324
6025.4727
6033.2129
6040.9541
6048.6943
6056.4355
6064.1758
6071.9160
6079.6558
6087.3965
6093.8179
6098.9980
6104.1782
6109.3584
6114.5391
6119.7202
6124.9014
6130.0815
6135.2617
6140.4419
6145.5986
6150.6846
6155.7720
6160.8584
6165.9448
6171.0322
6176.1182
6181.2051
6186.2910
6191.3789
6196.4409
6199.8799
6203.3184
6206.7568
6210.1963
6213.6357
6217.0742
6220.5127
6223.9512
6227.3906
6230.8296
6240.5527
6252.2153
6263.8779
6275.5425
6287.2051
6298.8677
6310.5303
6322.1948
6333.8589
6345.5220
6348.9785
6344.6567
6340.3350
6336.0117
6331.6904
6327.3682
6323.0469
6318.7246
6314.4023
6310.0801
6305.3184
6299.3223
6293.3267
6287.3291
6281.3340
6275.3379
6269.3408
6263.3452
6257.3477
6251.3521
6245.5269
6253.6997
6261.8750
6270.0493
6278.2231
6286.3965
6294.5698
6302.7432
6310.9189
6319.0928
6327.2661
6327.0752
6324.2642
6321.4531
6318.6416
6315.8311
6313.0195
6310.2090
6307.3975
6304.5869
6301.7759
6294.1367
6281.8770
6269.6143
6257.3545
6245.0938
6232.8330
6220.5693
6208.3091
6196.0488
6183.7886
6173.9697
6171.0947
6168.2197
6165.3452
6162.4707
6159.5957
6156.7212
6153.8467
6150.9722
6148.0972
6145.2656
6146.8711
6148.4761
6150.0811
6151.6865
6153.2920
6154.8975
6156.5029
6158.1084
6159.7134
6161.3188
6153.1523
6141.8843
6130.6162
6119.3486
6108.0801
6096.8105
6085.5425
6074.2725
6063.0049
6051.7368
6044.7651
6041.9526
6039.1396
6036.3267
6033.5137
6030.7007
6027.8877
6025.0752
6022.2627
6019.4492
6021.2109
6036.1440
6051.0771
6066.0103
6080.9434
6095.8789
6110.8145
6125.7476
6140.6807
6155.6138
6170.5986
6192.5234
6214.4512
6236.3760
6258.3037
6280.2285
6302.1528
6324.0771
6346.0059
6367.9336
6389.8584
6409.2729
6427.8799
6446.4868
6465.0996
6483.7061
6502.3135
6520.9199
6539.5273
6558.1367
6576.7437
6592.1587
6604.4502
6616.7417
6629.0352
6641.3271
6653.6187
6665.9121
6678.2036
6690.4971
6702.7886
6714.9150
6726.5591
6738.2051
6749.8506
6761.4941
6773.1382
6784.7822
6796.4263
6808.0718
6819.7178
6831.2222
6812.1450
6793.0674
6773.9873
6754.9102
6735.8301
6716.7529
6697.6758
6678.5952
6659.5176
6640.4404
6624.7007
6610.0537
6595.4038
6580.7568
6566.1104
6551.4629
6536.8135
6522.1646
6507.5176
6492.8706
6476.2334
6457.6323
6439.0283
6420.4248
6401.8232
6383.2217
6364.6211
6346.0171
6327.4160
6308.8115
6294.2363
6291.5693
6288.9033
6286.2373
6283.5713
6280.9043
6278.2383
6275.5718
6272.9058
6270.2397
6267.5732
6264.7456
6261.9185
6259.0908
6256.2637
6253.4365
6250.6094
6247.7822
6244.9546
6242.1274
6239.3003
6242.3398
6247.3203
6252.3003
6257.2813
6262.2617
6267.2432
6272.2231
6277.2041
6282.1841
6287.1646
6294.5610
6304.3618
6314.1631
6323.9639
6333.7651
6343.5679
6353.3701
6363.1714
6372.9727
6382.7739
6389.7559
6388.2813
6386.8066
6385.3320
6383.8574
6382.3828
6380.9082
6379.4336
6377.9590
6376.4844
6375.0093
6372.0044
6368.9990
6365.9932
6362.9878
6359.9810
6356.9756
6353.9697
6350.9639
6347.9580
6344.9526
6335.6797
6324.3076
6312.9346
6301.5605
6290.1880
6278.8154
6267.4414
6256.0684
6244.6943
6233.3223
6221.4897
6209.1934
6196.8975
6184.5977
6172.3018
6160.0054
6147.7100
6135.4136
6123.1157
6110.8174
6099.0894
6089.0874
6079.0845
6069.0806
6059.0781
6049.0742
6039.0713
6029.0688
6019.0645
6009.0620
5999.0596
5987.6699
5976.2744
5964.8789
5953.4854
5942.0908
5930.6973
5919.3032
5907.9063
5896.5122
5885.1187
5885.0767
5888.8940
5892.7119
5896.5303
5900.3481
5904.1655
5907.9834
5911.8013
5915.6191
5919.4365
5925.6606
5934.3320
5943.0049
5951.6763
5960.3477
5969.0190
5977.6919
5986.3647
5995.0361
6003.7080
6012.0820
6019.5420
6027.0039
6034.4639
6041.9238
6049.3838
6056.8447
6064.3042
6071.7651
6079.2251
6086.6846
6088.2109
6089.7036
6091.1958
6092.6885
6094.1812
6095.6738
6097.1660
6098.6587
6100.1509
6101.6440
6109.7368
6120.1011
6130.4653
6140.8296
6151.1938
6161.5596
6171.9258
6182.2900
6192.6543
6203.0186
6203.9448
6195.1699
6186.3945
6177.6182
6168.8428
6160.0664
6151.2915
6142.5166
6133.7412
6124.9644
6116.1816
6107.3804
6098.5791
6089.7778
6080.9766
6072.1729
6063.3711
6054.5703
6045.7686
6036.9678
6028.1646
6024.7813
6021.4414
6018.1021
6014.7627
6011.4233
6008.0840
6004.7446
6001.4053
5998.0664
5994.7261
5995.9858
5998.8511
6001.7168
6004.5825
6007.4473
6010.3125
6013.1777
6016.0430
6018.9087
6021.7739
6022.5283
6021.0918
6019.6553
6018.2183
6016.7813
6015.3447
6013.9077
6012.4712
6011.0342
6009.5972
6008.3472
6007.6880
6007.0283
6006.3691
6005.7100
6005.0503
6004.3911
6003.7319
6003.0723
6002.4131
6001.7534
6002.6167
6003.4966
6004.3765
6005.2559
6006.1357
6007.0156
6007.8955
6008.7744
6009.6548
6010.5342
6008.6084
6005.6919
6002.7739
5999.8564
5996.9395
5994.0215
5991.1045
5988.1865
5985.2695
5982.3525
5978.8926
5974.8662
5970.8384
5966.8101
5962.7832
5958.7554
5954.7290
5950.7012
5946.6733
5942.6465
5938.7085
5935.0620
5931.4136
5927.7656
5924.1191
5920.4707
5916.8232
5913.1753
5909.5273
5905.8809
5902.2324
5910.2725
5918.4673
5926.6631
5934.8564
5943.0522
5951.2480
5959.4414
5967.6382
5975.8315
5984.0273
5984.8115
5982.9429
5981.0732
5979.2036
5977.3340
5975.4639
5973.5947
5971.7251
5969.8560
5967.9863
5967.2241
5967.6353
5968.0469
5968.4575
5968.8687
5969.2793
5969.6904
5970.1016
5970.5127
5970.9238
5971.2905
5971.5122
5971.7344
5971.9556
5972.1772
5972.3989
5972.6201
5972.8418
5973.0635
5973.2852
5973.5068
5978.1777
5982.9194
5987.6602
5992.4023
5997.1450
6001.8857
6006.6279
6011.3682
6016.1104
6020.8525
6018.9570
6014.6523
6010.3491
6006.0430
6001.7378
5997.4346
5993.1299
5988.8262
5984.5215
5980.2163
5977.9917
5977.9902
5977.9888
5977.9878
5977.9863
5977.9854
5977.9839
5977.9824
5977.9814
5977.9800
5977.3828
5974.8164
5972.2510
5969.6846
5967.1182
5964.5527
5961.9873
5959.4214
5956.8545
5954.2881
5951.7227
5952.1216
5952.5747
5953.0283
5953.4814
5953.9346
5954.3882
5954.8413
5955.2944
5955.7480
5956.2017
5956.8037
5957.4604
5958.1172
5958.7744
5959.4307
5960.0879
5960.7441
5961.4014
5962.0581
5962.7148
5960.6069
5955.5107
5950.4131
5945.3135
5940.2178
5935.1196
5930.0234
5924.9258
5919.8281
5914.7319
5910.4624
5908.9688
5907.4746
5905.9800
5904.4863
5902.9912
5901.4971
5900.0029
5898.5088
5897.0146
5895.5200
5904.4546
5913.6113
5922.7690
5931.9233
5941.0806
5950.2378
5959.3921
5968.5522
5977.7065
5986.8638
5996.3286
6005.9048
6015.4844
6025.0605
6034.6396
6044.2188
6053.7949
6063.3740
6072.9507
6082.5298
6094.5371
6109.1836
6123.8340
6138.4800
6153.1309
6167.7813
6182.4268
6197.0771
6211.7231
6226.3740
6240.6372
6253.5796
6266.5303
6279.4727
6292.4189
6305.3662
6318.3086
6331.2549
6344.1978
6357.1440
6370.0908
6370.8169
6371.2534
6371.6895
6372.1260
6372.5625
6372.9990
6373.4355
6373.8716
6374.3081
6374.7451
6390.8564
6412.8848
6434.9063
6456.9336
6478.9619
6500.9834
6523.0186
6545.0391
6567.0674
6589.0957
6599.7837
6597.9751
6596.1665
6594.3579
6592.5493
6590.7412
6588.9326
6587.1245
6585.3159
6583.5063
6579.6616
6568.7969
6557.9351
6547.0698
6536.2051
6525.3438
6514.4790
6503.6177
6492.7524
6481.8877
6471.0264
6459.8335
6448.6323
6437.4312
6426.2295
6415.0322
6403.8311
6392.6333
6381.4316
6370.2305
6359.0332
6350.7480
6343.5801
6336.4102
6329.2378
6322.0703
6314.8999
6307.7324
6300.5620
6293.3921
6286.2236
6287.8560
6299.2939
6310.7354
6322.1768
6333.6143
6345.0557
6356.4971
6367.9385
6379.3794
6390.8174
6399.1953
6396.8608
6394.5259
6392.1909
6389.8564
6387.5215
6385.1870
6382.8521
6380.5161
6378.1816
6375.8467
6380.7192
6385.8027
6390.8857
6395.9668
6401.0498
6406.1313
6411.2144
6416.2974
6421.3789
6426.4619
6430.3623
6433.8027
6437.2437
6440.6841
6444.1255
6447.5664
6451.0068
6454.4482
6457.8887
6461.3301
6461.7817
6458.8691
6455.9556
6453.0425
6450.1289
6447.2158
6444.3032
6441.3896
6438.4775
6435.5640
6437.2383
6455.1841
6473.1357
6491.0820
6509.0332
6526.9902
6544.9360
6562.8877
6580.8335
6598.7852
6616.7363
6620.7554
6624.3345
6627.9126
6631.4922
6635.0713
6638.6494
6642.2295
6645.8086
6649.3877
6652.9673
6657.8950
6663.3535
6668.8101
6674.2676
6679.7256
6685.1821
6690.6401
6696.0967
6701.5552
6707.0132
6711.8071
6715.8457
6719.8838
6723.9219
6727.9609
6731.9985
6736.0376
6740.0752
6744.1143
6748.1523
6754.3848
6768.5317
6782.6792
6796.8262
6810.9736
6825.1167
6839.2642
6853.4067
6867.5542
6881.7012
6895.8442
6902.5059
6908.9058
6915.3081
6921.7100
6928.1123
6934.5142
6940.9141
6947.3164
6953.7188
6960.1187
6966.1895
6972.1270
6978.0659
6984.0049
6989.9424
6995.8818
7001.8208
7007.7603
7013.6992
7019.6367
7032.1274
7052.1353
7072.1499
7092.1646
7112.1729
7132.1875
7152.1958
7172.2100
7192.2246
7212.2393
7228.4961
7231.0215
7233.5483
7236.0747
7238.6006
7241.1270
7243.6523
7246.1797
7248.7061
7251.2314
7253.7583
7259.0669
7264.4805
7269.8931
7275.3037
7280.7168
7286.1279
7291.5410
7296.9536
7302.3652
7307.7778
7310.9878
7313.3135
7315.6396
7317.9658
7320.2920
7322.6182
7324.9434
7327.2695
7329.5947
7331.9209
7336.1665
7342.6362
7349.1084
7355.5781
7362.0498
7368.5220
7374.9941
7381.4658
7387.9355
7394.4077
7401.3589
7410.0854
7418.8149
7427.5420
7436.2705
7445.0000
7453.7266
7462.4565
7471.1855
7479.9150
7488.6445
7498.6050
7508.6182
7518.6279
7528.6406
7538.6538
7548.6631
7558.6768
7568.6860
7578.6992
7588.7119
7619.4238
7658.5503
7697.6641
7736.7900
7775.9160
7815.0303
7854.1563
7893.2705
7932.3965
7971.5225
8004.2407
8029.4673
8054.6934
8079.9199
8105.1465
8130.3643
8155.5908
8180.8096
8206.0352
8231.2617
8256.3438
8280.9229
8305.4932
8330.0723
8354.6504
8379.2285
8403.8066
8428.3779
8452.9561
8477.5342
8502.1045
8531.2656
8560.6123
8589.9688
8619.3242
8648.6709
8678.0273
8707.3828
8736.7393
8766.0859
8795.4424
8807.4521
8812.3223
8817.1943
8822.0645
8826.9355
8831.8076
8836.6777
8841.5508
8846.4199
8851.2939
8848.3389
8836.1250
8823.9063
8811.6914
8799.4727
8787.2539
8775.0400
8762.8213
8750.6064
8738.3877
8726.5029
8715.8975
8705.2861
8694.6807
8684.0723
8673.4648
8662.8594
8652.2510
8641.6455
8631.0371
8620.4287
8623.7285
8627.6611
8631.5928
8635.5264
8639.4590
8643.3906
8647.3242
8651.2549
8655.1885
8659.1211
8668.4707
8680.0811
8691.6875
8703.2979
8714.9082
8726.5156
8738.1289
8749.7363
8761.3457
8772.9561
8772.2900
8756.9336
8741.5820
8726.2256
8710.8691
8695.5176
8680.1602
8664.8086
8649.4521
8634.0918
8615.8379
8586.2979
8556.7666
8527.2266
8497.6855
8468.1553
8438.6152
8409.0840
8379.5430
8350.0029
8320.4717
8304.7480
8289.7051
8274.6563
8259.6074
8244.5645
8229.5166
8214.4727
8199.4238
8184.3760
8169.3325
8151.8833
8133.4209
8114.9639
8096.4951
8078.0381
8059.5752
8041.1133
8022.6558
8004.1929
7985.7358
7967.7397
7950.3066
7932.8794
7915.4473
7898.0200
7880.5820
7863.1489
7845.7217
7828.2891
7810.8623
7795.4663
7788.1147
7780.7651
7773.4131
7766.0635
7758.7119
7751.3604
7744.0107
7736.6572
7729.3071
7721.9556
7722.2974
7723.0313
7723.7656
7724.4990
7725.2324
7725.9668
7726.7002
7727.4346
7728.1680
7728.9019
7730.2378
7731.8296
7733.4219
7735.0142
7736.6064
7738.1982
7739.7910
7741.3828
7742.9746
7744.5669
7744.2964
7741.7510
7739.2031
7736.6572
7734.1104
7731.5640
7729.0176
7726.4717
7723.9253
7721.3789
7716.5190
7702.3877
7688.2510
7674.1196
7659.9834
7645.8428
7631.7109
7617.5752
7603.4434
7589.3066
7575.1709
7563.9517
7552.8853
7541.8223
7530.7559
7519.6904
7508.6274
7497.5576
7486.4946
7475.4287
7464.3623
7450.9980
7436.6348
7422.2764
7407.9136
7393.5508
7379.1924
7364.8296
7350.4707
7336.1079
7321.7402
7308.3281
7296.0781
7283.8320
7271.5825
7259.3325
7247.0864
7234.8364
7222.5903
7210.3408
7198.0908
7187.2275
7182.0039
7176.7803
7171.5566
7166.3340
7161.1118
7155.8887
7150.6670
7145.4434
7140.2202
7134.9985
7134.5527
7134.3784
7134.2041
7134.0298
7133.8555
7133.6816
7133.5073
7133.3330
7133.1592
7132.9854
7126.6201
7117.5474
7108.4771
7099.4043
7090.3340
7081.2607
7072.1851
7063.1147
7054.0420
7044.9717
7038.5381
7035.3936
7032.2510
7029.1074
7025.9648
7022.8208
7019.6768
7016.5342
7013.3901
7010.2466
7007.6958
7007.6021
7007.5078
7007.4141
7007.3203
7007.2261
7007.1318
7007.0381
7006.9443
7006.8506
7006.7563
7006.8364
7006.9268
7007.0176
7007.1074
7007.1978
7007.2886
7007.3789
7007.4692
7007.5596
7007.6499
7006.7358
7005.3774
7004.0186
7002.6602
7001.3008
6999.9419
6998.5835
6997.2246
6995.8662
6994.5073
6991.8848
6987.6724
6983.4580
6979.2451
6975.0317
6970.8164
6966.6035
6962.3901
6958.1772
6953.9629
6950.7617
6951.8193
6952.8779
6953.9355
6954.9932
6956.0518
6957.1094
6958.1675
6959.2261
6960.2837
6961.3423
6963.7817
6966.3081
6968.8340
6971.3608
6973.8867
6976.4131
6978.9395
6981.4653
6983.9917
6986.5186
6989.1641
6991.8623
6994.5605
6997.2588
6999.9575
7002.6553
7005.3540
7008.0518
7010.7505
7013.4487
7007.6450
6991.0132
6974.3804
6957.7480
6941.1152
6924.4883
6907.8555
6891.2285
6874.5967
6857.9639
6842.8745
6834.3682
6825.8647
6817.3579
6808.8516
6800.3452
6791.8389
6783.3350
6774.8286
6766.3223
6757.8184
6753.7490
6749.9702
6746.1909
6742.4116
6738.6328
6734.8535
6731.0737
6727.2939
6723.5146
6719.7363
6699.6675
6672.2256
6644.7754
6617.3252
6589.8828
6562.4326
6534.9902
6507.5400
6480.0894
6452.6392
6437.6499
6438.6763
6439.7021
6440.7285
6441.7549
6442.7813
6443.8076
6444.8335
6445.8599
6446.8857
6446.6538
6440.9414
6435.2285
6429.5161
6423.8057
6418.0928
6412.3799
6406.6694
6400.9570
6395.2461
6389.5332
6387.4434
6385.6011
6383.7578
6381.9141
6380.0713
6378.2280
6376.3853
6374.5420
6372.6992
6370.8564
6385.9580
6408.8213
6431.6919
6454.5557
6477.4258
6500.2964
6523.1670
6546.0376
6568.9014
6591.7715
6605.6191
6607.7500
6609.8818
6612.0127
6614.1436
6616.2754
6618.4063
6620.5381
6622.6699
6624.8013
6621.7339
6595.7041
6569.6660
6543.6357
6517.5977
6491.5596
6465.5293
6439.4912
6413.4609
6387.4229
6361.3853
6340.3760
6319.7246
6299.0791
6278.4277
6257.7764
6237.1309
6216.4795
6195.8340
6175.1826
6154.5313
6133.3818
6111.9917
6090.6025
6069.2124
6047.8223
6026.4395
6005.0498
5983.6660
5962.2769
5940.8867
5925.6689
5918.5420
5911.4170
5904.2900
5897.1631
5890.0356
5882.9082
5875.7837
5868.6563
5861.5293
5857.4849
5867.3066
5877.1255
5886.9478
5896.7695
5906.5884
5916.4102
5926.2295
5936.0542
5945.8765
5955.6953
5978.6182
6002.5015
6026.3921
6050.2832
6074.1660
6098.0571
6121.9404
6145.8315
6169.7217
6193.6128
6201.5278
6201.9468
6202.3657
6202.7842
6203.2031
6203.6221
6204.0410
6204.4600
6204.8789
6205.2979
6207.6387
6212.5283
6217.4185
6222.3086
6227.1973
6232.0874
6236.9775
6241.8662
6246.7563
6251.6450
6255.9727
6257.7251
6259.4775
6261.2300
6262.9824
6264.7349
6266.4873
6268.2393
6269.9922
6271.7441
6273.4966
6271.9009
6270.0483
6268.1953
6266.3438
6264.4902
6262.6377
6260.7847
6258.9316
6257.0796
6255.2266
6247.5620
6237.1411
6226.7178
6216.2974
6205.8735
6195.4502
6185.0293
6174.6060
6164.1855
6153.7583
6149.2061
6152.5127
6155.8203
6159.1270
6162.4341
6165.7412
6169.0479
6172.3555
6175.6621
6178.9697
6180.1772
6171.6055
6163.0327
6154.4634
6145.8906
6137.3188
6128.7490
6120.1772
6111.6074
6103.0352
6094.4629
6106.0220
6119.1909
6132.3550
6145.5273
6158.6963
6171.8604
6185.0293
6198.1934
6211.3618
6224.5303
6230.4302
6232.8418
6235.2520
6237.6636
6240.0752
6242.4854
6244.8975
6247.3086
6249.7197
6252.1313
6255.5615
6260.3730
6265.1836
6269.9951
6274.8066
6279.6172
6284.4287
6289.2388
6294.0518
6298.8638
6303.2041
6305.3193
6307.4346
6309.5498
6311.6650
6313.7803
6315.8955
6318.0103
6320.1260
6322.2412
6324.3560
6323.0283
6321.4160
6319.8032
6318.1904
6316.5781
6314.9653
6313.3525
6311.7402
6310.1274
6308.5146
6296.7646
6280.0898
6263.4053
6246.7251
6230.0508
6213.3701
6196.6958
6180.0156
6163.3359
6146.6611
6129.2891
6110.9741
6092.6533
6074.3325
6056.0181
6037.6914
6019.3770
6001.0566
5982.7358
5964.4214
5946.5767
5931.0317
5915.4912
5899.9453
5884.4043
5868.8589
5853.3135
5837.7729
5822.2227
5806.6816
5791.1362
5760.8423
5729.2959
5697.7397
5666.1938
5634.6377
5603.0820
5571.5361
5539.9805
5508.4341
5476.8682
5476.3408
5491.0488
5505.7617
5520.4697
5535.1821
5549.8945
5564.6025
5579.3149
5594.0225
5608.7354
5619.7896
5625.7861
5631.7861
5637.7827
5643.7813
5649.7793
5655.7754
5661.7734
5667.7700
5673.7681
5680.3940
5690.0977
5699.8042
5709.5078
5719.2168
5728.9238
5738.6270
5748.3335
5758.0376
5767.7437
5777.4507
5790.3237
5803.4819
5816.6362
5829.7949
5842.9531
5856.1074
5869.2695
5882.4238
5895.5820
5908.7407
5923.4160
5938.8525
5954.2842
5969.7207
5985.1563
6000.5884
6016.0244
6031.4561
6046.8926
6062.3340
6065.2544
6050.7080
6036.1660
6021.6196
6007.0732
5992.5313
5977.9844
5963.4424
5948.8960
5934.3496
5924.2334
5936.2871
5948.3330
5960.3828
5972.4326
5984.4790
5996.5288
6008.5752
6020.6250
6032.6748
6044.7207
6034.4097
6022.0474
6009.6816
5997.3115
5984.9497
5972.5835
5960.2212
5947.8555
5935.4897
5923.1279
5900.5317
5872.7993
5845.0581
5817.3169
5789.5840
5761.8428
5734.1016
5706.3608
5678.6191
5650.8867
5639.1846
5650.1108
5661.0400
5671.9697
5682.8955
5693.8252
5704.7510
5715.6807
5726.6133
5737.5396
5746.8599
5747.9912
5749.1221
5750.2529
5751.3838
5752.5146
5753.6460
5754.7769
5755.9077
5757.0386
5758.1694
5760.5581
5763.0645
5765.5718
5768.0786
5770.5859
5773.0928
5775.5996
5778.1064
5780.6133
5783.1201
5789.6763
5798.2891
5806.9072
5815.5200
5824.1357
5832.7510
5841.3643
5849.9795
5858.5923
5867.2080
5873.3394
5875.9282
5878.5186
5881.1074
5883.6973
5886.2881
5888.8774
5891.4678
5894.0566
5896.6465
5902.0293
5921.8843
5941.7451
5961.5996
5981.4604
6001.3213
6021.1758
6041.0366
6060.8975
6080.7583
6100.6191
6122.7598
6145.1309
6167.4946
6189.8652
6212.2363
6234.5996
6256.9707
6279.3345
6301.7056
6324.0830
6337.0889
6345.2866
6353.4819
6361.6797
6369.8779
6378.0728
6386.2710
6394.4663
6402.6641
6410.8618
6419.9160
6430.2114
6440.5073
6450.8027
6461.0981
6471.3906
6481.6865
6491.9785
6502.2744
6512.5698
6522.1543
6527.9976
6533.8389
6539.6816
6545.5244
6551.3672
6557.2104
6563.0518
6568.8945
6574.7378
6580.5786
6560.9131
6538.6807
6516.4414
6494.2026
6471.9702
6449.7310
6427.4917
6405.2524
6383.0132
6360.7813
6333.9868
6304.8325
6275.6689
6246.5059
6217.3516
6188.1875
6159.0332
6129.8701
6100.7065
6071.5430
6050.8037
6042.3281
6033.8506
6025.3726
6016.8975
6008.4194
5999.9443
5991.4668
5982.9883
5974.5137
5967.2041
5966.1978
5965.1909
5964.1846
5963.1787
5962.1719
5961.1660
5960.1597
5959.1533
5958.1470
5957.1406
5955.1006
5952.9531
5950.8057
5948.6577
5946.5098
5944.3623
5942.2148
5940.0674
5937.9199
5935.7725
5937.6714
5941.6982
5945.7266
5949.7529
5953.7813
5957.8091
5961.8369
5965.8652
5969.8921
5973.9204
5983.5068
6001.2632
6019.0244
6036.7803
6054.5420
6072.3037
6090.0596
6107.8213
6125.5825
6143.3442
6161.3125
6180.4097
6199.5127
6218.6094
6237.7129
6256.8159
6275.9131
6295.0156
6314.1133
6333.2158
6352.3188
6377.6592
6403.6670
6429.6670
6455.6743
6481.6821
6507.6816
6533.6895
6559.6895
6585.6968
6611.7046
6619.4253
6617.4189
6615.4126
6613.4058
6611.3994
6609.3936
6607.3877
6605.3818
6603.3750
6601.3687
6591.6255
6570.3682
6549.1172
6527.8594
6506.6021
6485.3447
6464.0869
6442.8359
6421.5786
6400.3213
6382.0068
6380.1450
6378.2837
6376.4219
6374.5596
6372.6982
6370.8369
6368.9746
6367.1128
6365.2510
6363.3896
6377.4258
6393.2065
6408.9922
6424.7783
6440.5591
6456.3447
6472.1260
6487.9116
6503.6973
6519.4829
6531.4502
6541.3618
6551.2764
6561.1899
6571.1016
6581.0156
6590.9268
6600.8408
6610.7554
6620.6665
6615.1963
6586.5952
6557.9946
6529.3936
6500.8018
6472.2012
6443.6089
6415.0083
6386.4072
6357.8154
6333.0063
6329.8745
6326.7422
6323.6099
6320.4775
6317.3447
6314.2134
6311.0806
6307.9482
6304.8169
6301.6846
6292.3706
6282.3608
6272.3477
6262.3379
6252.3252
6242.3125
6232.2988
6222.2861
6212.2764
6202.2637
6198.6821
6198.5977
6198.5137
6198.4297
6198.3457
6198.2612
6198.1768
6198.0928
6198.0088
6197.9243
6204.9419
6222.7295
6240.5225
6258.3105
6276.1035
6293.8965
6311.6846
6329.4780
6347.2656
6365.0586
6385.8872
6424.4170
6462.9463
6501.4639
6539.9932
6578.5225
6617.0400
6655.5693
6694.0869
6732.6167
6771.1460
6791.3652
6809.4619
6827.5532
6845.6553
6863.7529
6881.8438
6899.9404
6918.0322
6936.1289
6954.2251
6982.4829
7016.3418
7050.1904
7084.0498
7117.9087
7151.7676
7185.6270
7219.4746
7253.3345
7287.1934
7302.4014
7289.0029
7275.6079
7262.2090
7248.8105
7235.4160
7222.0166
7208.6221
7195.2188
7181.8203
7168.4111
7154.9146
7141.4219
7127.9253
7114.4282
7100.9355
7087.4390
7073.9463
7060.4497
7046.9521
7033.4556
7016.0869
6998.2612
6980.4297
6962.5986
6944.7729
6926.9414
6909.1162
6891.2852
6873.4536
6855.6279
6831.1450
6802.9692
6774.7754
6746.5913
6718.4155
6690.2310
6662.0552
6633.8706
6605.6855
6577.5103
6555.5659
6543.3066
6531.0430
6518.7803
6506.5210
6494.2539
6481.9946
6469.7314
6457.4683
6445.2090
6436.1187
6446.2949
6456.4746
6466.6538
6476.8301
6487.0093
6497.1855
6507.3682
6517.5474
6527.7236
6537.9028
6540.5630
6542.3022
6544.0420
6545.7803
6547.5200
6549.2588
6550.9980
6552.7373
6554.4761
6556.2163
6574.6489
6602.4517
6630.2627
6658.0654
6685.8765
6713.6875
6741.4902
6769.3018
6797.1040
6824.9155
6847.0161
6860.1641
6873.3115
6886.4551
6899.6025
6912.7500
6925.8936
6939.0415
6952.1851
6965.3325
6977.1304
6980.5566
6983.9839
6987.4106
6990.8389
6994.2666
6997.6934
7001.1206
7004.5469
7007.9741
7011.4023
7003.8662
6994.9492
6986.0352
6977.1182
6968.2012
6959.2871
6950.3672
6941.4526
6932.5361
6923.6191
6918.2710
6914.9487
6911.6270
6908.3047
6904.9824
6901.6611
6898.3389
6895.0171
6891.6934
6888.3711
6883.2700
6875.3481
6867.4287
6859.5068
6851.5850
6843.6655
6835.7432
6827.8242
6819.9019
6811.9800
6804.9883
6803.8853
6802.7827
6801.6797
6800.5767
6799.4741
6798.3711
6797.2686
6796.1655
6795.0625
6793.9600
6822.7261
6855.3438
6887.9717
6920.6104
6953.2275
6985.8555
7018.4731
7051.1011
7083.7285
7116.3467
7139.9585
7158.3813
7176.8101
7195.2388
7213.6621
7232.0967
7250.5195
7268.9487
7287.3774
7305.8003
7325.3882
7346.8252
7368.2695
7389.7134
7411.1509
7432.5947
7454.0322
7475.4761
7496.9268
7518.3643
7540.4155
7566.3877
7592.3672
7618.3467
7644.3188
7670.2988
7696.2700
7722.2500
7748.2295
7774.2017
7800.1895
7820.8169
7840.7441
7860.6719
7880.5933
7900.5205
7920.4424
7940.3691
7960.2969
7980.2183
8000.1455
8001.5205
7992.1172
7982.7075
7973.3042
7963.8975
7954.4912
7945.0879
7935.6812
7926.2778
7916.8711
7913.5435
7920.0518
7926.5610
7933.0693
7939.5781
7946.0903
7952.5981
7959.1079
7965.6152
7972.1255
7977.5991
7976.2266
7974.8530
7973.4795
7972.1064
7970.7329
7969.3594
7967.9854
7966.6128
7965.2393
7963.8657
7956.2852
7947.8623
7939.4414
7931.0186
7922.5952
7914.1748
7905.7515
7897.3311
7888.9082
7880.4814
7877.9736
7878.9365
7879.8989
7880.8613
7881.8237
7882.7861
7883.7480
7884.7104
7885.6729
7886.6353
7892.4839
7906.3359
7920.1880
7934.0400
7947.8926
7961.7397
7975.5918
7989.4395
8003.2920
8017.1436
8027.9155
8017.8384
8007.7646
7997.6875
7987.6079
7977.5342
7967.4570
7957.3828
7947.3066
7937.2295
7927.1558
7920.0605
7913.3818
7906.7012
7900.0205
7893.3418
7886.6611
7879.9800
7873.2993
7866.6187
7859.9399
7856.7910
7855.7393
7854.6875
7853.6353
7852.5835
7851.5313
7850.4795
7849.4277
7848.3760
7847.3242
7844.3369
7838.1533
7831.9673
7825.7822
7819.5981
7813.4121
7807.2285
7801.0430
7794.8574
7788.6738
7780.0210
7754.2637
7728.5068
7702.7490
7677.0005
7651.2432
7625.4941
7599.7373
7573.9800
7548.2310
7522.4736
7501.7544
7481.7451
7461.7349
7441.7251
7421.7148
7401.7119
7381.7017
7361.6919
7341.6885
7321.6782
7308.8623
7300.3589
7291.8555
7283.3555
7274.8516
7266.3486
7257.8447
7249.3418
7240.8413
7232.3384
7218.0469
7194.0923
7170.1299
7146.1748
7122.2124
7098.2505
7074.2954
7050.3330
7026.3711
7002.4087
6980.7852
6975.7036
6970.6211
6965.5400
6960.4570
6955.3740
6950.2930
6945.2100
6940.1294
6935.0464
6929.9624
6925.7778
6921.7227
6917.6685
6913.6133
6909.5581
6905.5039
6901.4482
6897.3945
6893.3394
6889.2837
6885.0854
6880.7979
6876.5107
6872.2236
6867.9360
6863.6504
6859.3628
6855.0767
6850.7891
6846.5020
6841.8135
6836.4434
6831.0747
6825.7041
6820.3340
6814.9634
6809.5928
6804.2246
6798.8540
6793.4834
6786.4131
6766.9834
6747.5591
6728.1289
6708.6982
6689.2744
6669.8447
6650.4141
6630.9839
6611.5537
6592.1299
6586.2183
6582.3184
6578.4180
6574.5166
6570.6172
6566.7168
6562.8164
6558.9160
6555.0151
6551.1143
6544.5986
6536.4829
6528.3647
6520.2461
6512.1309
6504.0122
6495.8965
6487.7778
6479.6597
6471.5439
6458.8457
6438.3188
6417.7930
6397.2666
6376.7461
6356.2197
6335.6997
6315.1733
6294.6465
6274.1270
6255.4468
6250.4995
6245.5508
6240.6016
6235.6528
6230.7036
6225.7563
6220.8071
6215.8579
6210.9111
6205.9619
6206.7090
6208.3228
6209.9370
6211.5508
6213.1641
6214.7783
6216.3921
6218.0063
6219.6201
6221.2334
6224.4707
6228.7148
6232.9595
6237.2021
6241.4473
6245.6899
6249.9346
6254.1787
6258.4233
6262.6680
6262.8882
6256.1675
6249.4438
6242.7231
6236.0000
6229.2764
6222.5557
6215.8320
6209.1113
6202.3877
6196.3325
6195.3643
6194.3965
6193.4282
6192.4600
6191.4922
6190.5239
6189.5557
6188.5884
6187.6201
6186.6514
6185.9243
6185.2339
6184.5435
6183.8530
6183.1631
6182.4727
6181.7827
6181.0923
6180.4019
6179.7119
6185.6616
6195.7739
6205.8838
6215.9966
6226.1094
6236.2222
6246.3350
6256.4448
6266.5571
6276.6704
6284.6826
6289.0352
6293.3867
6297.7402
6302.0928
6306.4443
6310.7974
6315.1504
6319.5029
6323.8560
6327.9448
6329.9834
6332.0205
6334.0591
6336.0972
6338.1348
6340.1729
6342.2104
6344.2490
6346.2866
6348.3252
6345.5640
6342.0410
6338.5176
6334.9941
6331.4717
6327.9482
6324.4258
6320.9019
6317.3784
6313.8560
6306.3872
6296.4214
6286.4497
6276.4814
6266.5156
6256.5469
6246.5811
6236.6128
6226.6440
6216.6787
6209.8564
6208.5903
6207.3242
6206.0576
6204.7910
6203.5244
6202.2588
6200.9922
6199.7256
6198.4600
6198.3818
6207.8115
6217.2446
6226.6782
6236.1084
6245.5410
6254.9717
6264.4077
6273.8408
6283.2705
6292.7041
6287.0923
6279.0381
6270.9849
6262.9336
6254.8799
6246.8286
6238.7749
6230.7212
6222.6675
6214.6133
6215.3862
6221.8066
6228.2266
6234.6455
6241.0659
6247.4844
6253.9048
6260.3252
6266.7432
6273.1641
6282.6812
6297.7432
6312.8018
6327.8545
6342.9121
6357.9653
6373.0234
6388.0811
6403.1338
6418.1919
6432.6392
6442.0732
6451.5098
6460.9434
6470.3828
6479.8193
6489.2529
6498.6895
6508.1230
6517.5596
6526.9961
6526.1001
6523.4927
6520.8862
6518.2788
6515.6719
6513.0645
6510.4570
6507.8506
6505.2432
6502.6357
6501.6807
6501.7944
6501.9072
6502.0205
6502.1338
6502.2471
6502.3594
6502.4727
6502.5859
6502.6992
6507.7119
6521.5664
6535.4165
6549.2710
6563.1250
6576.9746
6590.8291
6604.6792
6618.5337
6632.3877
6643.6509
6633.0366
6622.4292
6611.8179
6601.2070
6590.5996
6579.9883
6569.3809
6558.7695
6548.1582
6537.5508
6536.7695
6537.6514
6538.5347
6539.4170
6540.2998
6541.1826
6542.0654
6542.9478
6543.8306
6544.7129
6549.7896
6557.6060
6565.4243
6573.2432
6581.0596
6588.8809
6596.6973
6604.5166
6612.3350
6620.1514
6625.0391
6624.5811
6624.1221
6623.6636
6623.2051
6622.7461
6622.2881
6621.8291
6621.3706
6620.9121
6619.6162
6611.0771
6602.5347
6593.9932
6585.4531
6576.9111
6568.3716
6559.8296
6551.2876
6542.7480
6534.2031
6527.1426
6520.3359
6513.5283
6506.7231
6499.9160
6493.1104
6486.3027
6479.4956
6472.6904
6465.8833
6462.3188
6460.8975
6459.4751
6458.0537
6456.6318
6455.2109
6453.7891
6452.3667
6450.9458
6449.5239
6449.4185
6451.7427
6454.0669
6456.3906
6458.7158
6461.0391
6463.3633
6465.6875
6468.0107
6470.3354
6472.6396
6474.7637
6476.8892
6479.0137
6481.1387
6483.2637
6485.3877
6487.5137
6489.6377
6491.7632
6493.8887
6492.2583
6489.9668
6487.6763
6485.3848
6483.0938
6480.8027
6478.5112
6476.2207
6473.9292
6471.6377
6459.4097
6440.5454
6421.6875
6402.8237
6383.9600
6365.1016
6346.2378
6327.3799
6308.5161
6289.6519
6276.0635
6272.3057
6268.5508
6264.7949
6261.0381
6257.2832
6253.5273
6249.7725
6246.0166
6242.2603
6237.2197
6220.3755
6203.5366
6186.6924
6169.8428
6153.0039
6136.1602
6119.3213
6102.4771
6085.6328
6068.7939
6055.5669
6042.9932
6030.4155
6017.8384
6005.2646
5992.6836
5980.1104
5967.5332
5954.9551
5942.3818
5931.6641
5922.2041
5912.7412
5903.2783
5893.8184
5884.3555
5874.8955
5865.4321
5855.9658
5846.5063
5837.0474
5827.5996
5818.1494
5808.6982
5799.2510
5789.8003
5780.3530
5770.9019
5761.4517
5752.0039
5742.4150
5731.5200
5720.6250
5709.7295
5698.8379
5687.9429
5677.0508
5666.1558
5655.2607
5644.3687
5633.4736
5639.1396
5647.8433
5656.5498
5665.2500
5673.9536
5682.6543
5691.3579
5700.0615
5708.7617
5717.4658
5730.2144
5745.7300
5761.2451
5776.7559
5792.2710
5807.7861
5823.3013
5838.8169
5854.3276
5869.8428
5882.8999
5891.2793
5899.6582
5908.0352
5916.4141
5924.7905
5933.1699
5941.5518
5949.9282
5958.3076
5966.8926
5977.5098
5988.1274
5998.7417
6009.3594
6019.9736
6030.5908
6041.2085
6051.8228
6062.4399
6073.0605
6084.3901
6095.8564
6107.3184
6118.7847
6130.2510
6141.7134
6153.1797
6164.6416
6176.1079
6187.5742
6191.1626
6189.3242
6187.4854
6185.6470
6183.8086
6181.9702
6180.1318
6178.2935
6176.4551
6174.6162
6176.2358
6184.5288
6192.8193
6201.1123
6209.4082
6217.6982
6225.9912
6234.2817
6242.5752
6250.8682
6259.6431
6273.2798
6286.9121
6300.5483
6314.1846
6327.8164
6341.4531
6355.0898
6368.7261
6382.3623
6395.9946
6399.2109
6400.4443
6401.6782
6402.9121
6404.1455
6405.3789
6406.6128
6407.8467
6409.0801
6410.3140
6416.3389
6425.6963
6435.0562
6444.4160
6453.7734
6463.1333
6472.4902
6481.8506
6491.2104
6500.5679
6502.5859
6490.2744
6477.9619
6465.6499
6453.3413
6441.0293
6428.7207
6416.4092
6404.0967
6391.7886
6379.2280
6364.1035
6348.9746
6333.8457
6318.7168
6303.5879
6288.4639
6273.3345
6258.2056
6243.0815
6227.9521
6222.9995
6220.0176
6217.0352
6214.0547
6211.0723
6208.0908
6205.1084
6202.1265
6199.1455
6196.1636
6204.3149
6220.3037
6236.2930
6252.2769
6268.2656
6284.2500
6300.2388
6316.2280
6332.2168
6348.2061
6353.4053
6337.3213
6321.2368
6305.1577
6289.0742
6272.9951
6256.9106
6240.8267
6224.7476
6208.6636
6192.7837
6179.0859
6165.3882
6151.6948
6137.9966
6124.3032
6110.6055
6096.9072
6083.2139
6069.5161
6055.8179
6046.9824
6039.1030
6031.2236
6023.3438
6015.4648
6007.5879
5999.7090
5991.8320
5983.9521
5976.0732
5962.1177
5943.8345
5925.5576
5907.2744
5888.9917
5870.7090
5852.4258
5834.1489
5815.8657
5797.5830
5782.8213
5775.0703
5767.3223
5759.5718
5751.8213
5744.0732
5736.3223
5728.5723
5720.8213
5713.0713
5706.8149
5717.0000
5727.1812
5737.3657
5747.5498
5757.7314
5767.9160
5778.0972
5788.2817
5798.4663
5808.6504
5818.2612
5827.7534
5837.2480
5846.7432
5856.2354
5865.7305
5875.2256
5884.7178
5894.2158
5903.7080
5911.8711
5919.0820
5926.2954
5933.5039
5940.7129
5947.9258
5955.1348
5962.3433
5969.5566
5976.7651
5983.7192
5990.1587
5996.6025
6003.0420
6009.4834
6015.9272
6022.3672
6028.8066
6035.2500
6041.6899
6048.1909
6055.3965
6062.6060
6069.8115
6077.0171
6084.2271
6091.4326
6098.6396
6105.8501
6113.0557
6120.2607
6128.7817
6137.5781
6146.3682
6155.1582
6163.9541
6172.7446
6181.5347
6190.3311
6199.1211
6207.9146
6218.0630
6229.2041
6240.3389
6251.4736
6262.6143
6273.7490
6284.8833
6296.0249
6307.1597
6318.2935
6329.1250
6339.3467
6349.5581
6359.7700
6369.9883
6380.1992
6390.4111
6400.6294
6410.8413
6421.0532
6432.6055
6460.0410
6487.4590
6514.8853
6542.3208
6569.7388
6597.1572
6624.5923
6652.0103
6679.4282
6706.8462
6691.7080
6667.7036
6643.6982
6619.6787
6595.6738
6571.6611
6547.6416
6523.6362
6499.6318
6475.6113
6448.3066
6418.5859
6388.8652
6359.1250
6329.4048
6299.6836
6269.9443
6240.2231
6210.4932
6180.7534
6154.7144
6136.2646
6117.8149
6099.3530
6080.9033
6062.4531
6043.9917
6025.5420
6007.0918
5988.6304
5971.2866
5967.4434
5963.6006
5959.7559
5955.9141
5952.0718
5948.2271
5944.3848
5940.5425
5936.6982
5932.8555
5935.6538
5939.8599
5944.0698
5948.2764
5952.4824
5956.6909
5960.8970
5965.1035
5969.3115
5973.5181
5982.7471
5995.6982
6008.6567
6021.6074
6034.5620
6047.5205
6060.4712
6073.4219
6086.3809
6099.3311
6115.1187
6136.8291
6158.5527
6180.2627
6201.9736
6223.6973
6245.4072
6267.1240
6288.8481
6310.5586
6332.4683
6356.9033
6381.3535
6405.7886
6430.2236
6454.6738
6479.1084
6503.5435
6527.9941
6552.4287
6576.8711
6606.0649
6636.3047
6666.5244
6696.7446
6726.9834
6757.2036
6787.4238
6817.6631
6847.8828
6878.1035
6881.5923
6865.0508
6848.5190
6831.9873
6815.4453
6798.9141
6782.3823
6765.8403
6749.3086
6732.7769
6716.4146
6700.4004
6684.3965
6668.3921
6652.3779
6636.3730
6620.3691
6604.3550
6588.3506
6572.3457
6557.0654
6551.4321
6545.8027
6540.1724
6534.5391
6528.9097
6523.2798
6517.6465
6512.0166
6506.3872
6500.7573
6461.5142
6414.9170
6368.3193
6321.6934
6275.0957
6228.4980
6181.8721
6135.2744
6088.6772
6042.0508
6019.5557
6015.2832
6011.0103
6006.7354
6002.4629
5998.1875
5993.9121
5989.6396
5985.3672
5981.0918
5977.3989
5974.9424
5972.4863
5970.0283
5967.5723
5965.1162
5962.6582
5960.2021
5957.7461
5955.2881
5953.9795
5968.3511
5982.7222
5997.1025
6011.4736
6025.8452
6040.2256
6054.5967
6068.9683
6083.3481
6097.7285
6108.4756
6118.4155
6128.3618
6138.3018
6148.2422
6158.1880
6168.1279
6178.0684
6188.0142
6197.9546
6203.2729
6205.0620
6206.8525
6208.6416
6210.4302
6212.2202
6214.0093
6215.7983
6217.5884
6219.3774
6220.5996
6220.5938
6220.5884
6220.5830
6220.5771
6220.5723
6220.5664
6220.5615
6220.5557
6220.5503
6221.0425
6228.6167
6236.1958
6243.7695
6251.3442
6258.9229
6266.4971
6274.0713
6281.6504
6289.2246
6296.7988
6297.8809
6297.4873
6297.0933
6296.6992
6296.3057
6295.9116
6295.5186
6295.1240
6294.7300
6294.3369
6292.2256
6288.7876
6285.3511
6281.9150
6278.4766
6275.0405
6271.6045
6268.1660
6264.7300
6261.2939
6259.3687
6260.7534
6262.1362
6263.5195
6264.9043
6266.2871
6267.6709
6269.0552
6270.4385
6271.8223
6272.8525
6268.6001
6264.3506
6260.0986
6255.8467
6251.5967
6247.3472
6243.0947
6238.8452
6234.5957
6230.3462
6237.3979
6247.0542
6256.7109
6266.3730
6276.0293
6285.6855
6295.3481
6305.0049
6314.6611
6324.3174
6333.4629
6342.1997
6350.9365
6359.6787
6368.4160
6377.1523
6385.8945
6394.6313
6403.3740
6412.1162
6417.5112
6415.5244
6413.5376
6411.5498
6409.5635
6407.5767
6405.5889
6403.6021
6401.6152
6399.6274
6397.7041
6396.7676
6395.8320
6394.8945
6393.9580
6393.0220
6392.0850
6391.1484
6390.2119
6389.2754
6388.3389
6390.4395
6393.2534
6396.0713
6398.8853
6401.6992
6404.5151
6407.3296
6410.1436
6412.9590
6415.7734
6409.4971
6396.0625
6382.6191
6369.1846
6355.7500
6342.3066
6328.8721
6315.4375
6301.9941
6288.5596
6270.9922
6244.1616
6217.3145
6190.4844
6163.6538
6136.8066
6109.9756
6083.1289
6056.2817
6029.4512
6004.0347
6001.5029
5998.9692
5996.4375
5993.9058
5991.3721
5988.8403
5986.3086
5983.7749
5981.2427
5978.7109
5995.6611
6017.2759
6038.8770
6060.4785
6082.0928
6103.6943
6125.2959
6146.9106
6168.5117
6190.1133
6207.1631
6220.5903
6234.0181
6247.4375
6260.8652
6274.2842
6287.7036
6301.1313
6314.5508
6327.9697
6337.7373
6339.2231
6340.7085
6342.1943
6343.6802
6345.1650
6346.6504
6348.1367
6349.6221
6351.1074
6352.6157
6354.5298
6356.4429
6358.3555
6360.2695
6362.1826
6364.0967
6366.0107
6367.9233
6369.8364
6371.7490
6379.0708
6387.6973
6396.3247
6404.9570
6413.5840
6422.2109
6430.8433
6439.4697
6448.0972
6456.7236
6464.2964
6471.0103
6477.7246
6484.4429
6491.1572
6497.8716
6504.5898
6511.3042
6518.0186
6524.7368
6533.2734
6546.0010
6558.7192
6571.4463
6584.1650
6596.8838
6609.6108
6622.3296
6635.0488
6647.7754
6660.1211
6665.8301
6671.5381
6677.2500
6682.9580
6688.6665
6694.3784
6700.0864
6705.7949
6711.5063
6717.2148
6718.0767
6717.7441
6717.4116
6717.0791
6716.7466
6716.4141
6716.0815
6715.7490
6715.4165
6715.0840
6713.5063
6710.9165
6708.3281
6705.7393
6703.1494
6700.5615
6697.9731
6695.3848
6692.7944
6690.2065
6692.5723
6706.4521
6720.3228
6734.1943
6748.0742
6761.9453
6775.8164
6789.6870
6803.5674
6817.4380
6830.4702
6827.6143
6824.7607
6821.9063
6819.0508
6816.1973
6813.3428
6810.4893
6807.6333
6804.7793
6801.9258
6811.8511
6824.9658
6838.0811
6851.2041
6864.3193
6877.4341
6890.5576
6903.6724
6916.7871
6929.9023
6936.2573
6937.0527
6937.8486
6938.6445
6939.4404
6940.2363
6941.0327
6941.8286
6942.6240
6943.4199
6943.5000
6941.9033
6940.3057
6938.7070
6937.1104
6935.5132
6933.9150
6932.3179
6930.7207
6929.1235
6927.9683
6935.5615
6943.1553
6950.7534
6958.3472
6965.9409
6973.5391
6981.1328
6988.7266
6996.3247
7003.9233
7011.7974
7019.7432
7027.6938
7035.6396
7043.5850
7051.5361
7059.4814
7067.4272
7075.3730
7083.3232
7092.5923
7102.9570
7113.3281
7123.6929
7134.0576
7144.4287
7154.7939
7165.1582
7175.5225
7185.8945
7189.7197
7177.9912
7166.2559
7154.5273
7142.7920
7131.0566
7119.3281
7107.6001
7095.8716
7084.1362
7072.3301
7058.9028
7045.4668
7032.0391
7018.6113
7005.1748
6991.7471
6978.3193
6964.8921
6951.4556
6938.0283
6944.7417
6956.6641
6968.5791
6980.4941
6992.4170
7004.3320
7016.2471
7028.1626
7040.0923
7052.0073
7053.3154
7045.7427
7038.1748
7030.6069
7023.0342
7015.4668
7007.8989
7000.3306
6992.7583
6985.1909
6985.5649
7005.0708
7024.5649
7044.0586
7063.5645
7083.0581
7102.5518
7122.0454
7141.5518
7161.0454
7179.0825
7164.3457
7149.6177
7134.8809
7120.1436
7105.4160
7090.6885
7075.9600
7061.2231
7046.4951
7031.7676
7024.6709
7019.5806
7014.4902
7009.3965
7004.3057
6999.2148
6994.1245
6989.0303
6983.9399
6978.8491
6969.9229
6957.7612
6945.5986
6933.4287
6921.2666
6909.1050
6896.9351
6884.7729
6872.6035
6860.4409
6851.0737
6848.5215
6845.9692
6843.4155
6840.8633
6838.3115
6835.7578
6833.2056
6830.6533
6828.1011
6825.4946
6821.6338
6817.7729
6813.9102
6810.0493
6806.1885
6802.3257
6798.4648
6794.6040
6790.7437
6786.8804
6801.5015
6821.0425
6840.6089
6860.1499
6879.6914
6899.2451
6918.7871
6938.3281
6957.8696
6977.4229
6976.7754
6958.8901
6940.9932
6923.1079
6905.2227
6887.3262
6869.4409
6851.5557
6833.6704
6815.7734
6805.1396
6812.3926
6819.6489
6826.9019
6834.1543
6841.4111
6848.6631
6855.9199
6863.1724
6870.4297
6877.3540
6876.0229
6874.6914
6873.3604
6872.0303
6870.6982
6869.3677
6868.0366
6866.7061
6865.3740
6864.0435
6856.4448
6847.1465
6837.8535
6828.5605
6819.2617
6809.9688
6800.6763
6791.3833
6782.0850
6772.7920
6775.3931
6788.2861
6801.1787
6814.0645
6826.9570
6839.8418
6852.7266
6865.6118
6878.5049
6891.3896
6899.5625
6895.9668
6892.3740
6888.7808
6885.1855
6881.5918
6877.9990
6874.4058
6870.8105
6867.2173
6864.1528
6875.6504
6887.1416
6898.6318
6910.1299
6921.6201
6933.1182
6944.6084
6956.1064
6967.5972
6979.0879
7000.7896
7025.2725
7049.7549
7074.2529
7098.7354
7123.2188
7147.7012
7172.1997
7196.6821
7221.1650
7231.7988
7230.3389
7228.8784
7227.4170
7225.9570
7224.4971
7223.0361
7221.5757
7220.1157
7218.6558
7212.8345
7195.9829
7179.1426
7162.2915
7145.4502
7128.6104
7111.7588
7094.9180
7078.0776
7061.2373
7045.0757
7049.0469
7053.0176
7056.9907
7060.9609
7064.9321
7068.9053
7072.8760
7076.8467
7080.8174
7084.7905
7075.4072
7062.3066
7049.1973
7036.0967
7022.9956
7009.8784
6996.7773
6983.6768
6970.5757
6957.4668
6946.2466
6936.6807
6927.1084
6917.5430
6907.9766
6898.4043
6888.8389
6879.2725
6869.7070
6860.1348
6856.5928
6868.4658
6880.3462
6892.2197
6904.0928
6915.9731
6927.8467
6939.7192
6951.5923
6963.4727
6975.8081
7002.5161
7029.2407
7055.9482
7082.6563
7109.3809
7136.0889
7162.7969
7189.5039
7216.2290
7242.9370
7257.0303
7267.5674
7278.0981
7288.6284
7299.1655
7309.6963
7320.2266
7330.7568
7341.2935
7351.8242
7354.6558
7350.6255
7346.5972
7342.5688
7338.5381
7334.5068
7330.4785
7326.4502
7322.4199
7318.3916
7316.7583
7321.3350
7325.9087
7330.4814
7335.0586
7339.6318
7344.2051
7348.7793
7353.3555
7357.9287
7362.3301
7360.6465
7358.9639
7357.2817
7355.5977
7353.9150
7352.2324
7350.5498
7348.8662
7347.1841
7345.5005
7350.4126
7357.2095
7364.0063
7370.8076
7377.6045
7384.4014
7391.1982
7397.9995
7404.7964
7411.5938
7412.2764
7407.4614
7402.6465
7397.8281
7393.0127
7388.1982
7383.3799
7378.5645
7373.7495
7368.9346
7367.3643
7374.3169
7381.2695
7388.2275
7395.1846
7402.1377
7409.0947
7416.0479
7423.0005
7429.9531
7436.8394
7441.0103
7445.1816
7449.3550
7453.5264
7457.6973
7461.8711
7466.0420
7470.2129
7474.3838
7478.5576
7463.2168
7442.2021
7421.1753
7400.1606
7379.1465
7358.1191
7337.1045
7316.0903
7295.0630
7274.0352
7256.2217
7241.3105
7226.3892
7211.4775
7196.5664
7181.6455
7166.7344
7151.8228
7136.9116
7121.9907
7111.4985
7112.7466
7113.9956
7115.2432
7116.4922
7117.7402
7118.9883
7120.2363
7121.4849
7122.7334
7125.0054
7171.6953
7218.4150
7265.1343
7311.8242
7358.5439
7405.2344
7451.9238
7498.6143
7545.3340
7592.0239
7608.5894
7616.2734
7623.9531
7631.6328
7639.3174
7646.9971
7654.6763
7662.3560
7670.0410
7677.7197
7689.2480
7704.3188
7719.3809
7734.4424
7749.5132
7764.5752
7779.6367
7794.7080
7809.7788
7824.8408
7830.3696
7810.2388
7790.1206
7770.0024
7749.8711
7729.7529
7709.6348
7689.5161
7669.3848
7649.2666
7629.5244
7628.1812
7626.8384
7625.4961
7624.1528
7622.8105
7621.4678
7620.1250
7618.7822
7617.4395
7616.0972
7607.9609
7597.7930
7587.6196
7577.4453
7567.2778
7557.1104
7546.9429
7536.7686
7526.6011
7516.4336
7517.7358
7529.6626
7541.5903
7553.5254
7565.4526
7577.3799
7589.3076
7601.2422
7613.1694
7625.0967
7639.0894
7658.6821
7678.2754
7697.8799
7717.4731
7737.0659
7756.6709
7776.2759
7795.8682
7815.4614
7834.8735
7843.8252
7852.7764
7861.7334
7870.6846
7879.6362
7888.5928
7897.5444
7906.4961
7915.4473
7924.4043
7944.0400
7966.9170
7989.8086
8012.6855
8035.5630
8058.4541
8081.3315
8104.2085
8127.0859
8149.9771
8163.6104
8168.5869
8173.5625
8178.5356
8183.5083
8188.4844
8193.4570
8198.4297
8203.4033
8208.3789
8221.2988
8256.1533
8291.0293
8325.8838
8360.7373
8395.6133
8430.4678
8465.3223
8500.1758
8535.0518
8569.8389
8600.2080
8630.5957
8660.9648
8691.3340
8721.7227
8752.1113
8782.4805
8812.8486
8843.2373
8873.6055
8897.6826
8919.8359
8941.9756
8964.1152
8986.2686
9008.4082
9030.5479
9052.6875
9074.8418
9096.9814
9083.1416
9035.2217
8987.3320
8939.4414
8891.5215
8843.6318
8795.7422
8747.8525
8699.9316
8652.0420
8603.9023
8555.1465
8506.4219
8457.6973
8408.9414
8360.2168
8311.4922
8262.7676
8214.0117
8165.2871
8117.0981
8111.2153
8105.3359
8099.4570
8093.5737
8087.6943
8081.8154
8075.9360
8070.0537
8064.1738
8058.2944
8040.2695
8018.4600
7996.6504
7974.8271
7953.0171
7931.1938
7909.3838
7887.5610
7865.7510
7843.9414
7823.4355
7804.1992
7784.9634
7765.7148
7746.4790
7727.2427
7708.0068
7688.7588
7669.5225
7650.2861
7636.8037
7639.6631
7642.5215
7645.3818
7648.2407
7651.0996
7653.9580
7656.8184
7659.6768
7662.5356
7665.4678
7674.8633
7684.2598
7693.6611
7703.0566
7712.4531
7721.8545
7731.2500
7740.6460
7750.0420
7759.4438
7765.4189
7770.3120
7775.2080
7780.1011
7784.9941
7789.8901
7794.7832
7799.6758
7804.5688
7809.4648
7811.2544
7810.0469
7808.8384
7807.6309
7806.4229
7805.2139
7804.0068
7802.7993
7801.5913
7800.3833
7796.1309
7783.1445
7770.1489
7757.1616
7744.1748
7731.1792
7718.1924
7705.2051
7692.2178
7679.2227
7666.2979
7661.5796
7656.8589
7652.1411
7647.4233
7642.7026
7637.9849
7633.2671
7628.5493
7623.8281
7619.1074
7618.4829
7619.1719
7619.8604
7620.5488
7621.2383
7621.9268
7622.6152
7623.3037
7623.9922
7624.6807
7627.8335
7633.3926
7638.9482
7644.5039
7650.0630
7655.6187
7661.1743
7666.7295
7672.2886
7677.8442
7685.4590
7699.0869
7712.7061
7726.3340
7739.9619
7753.5811
7767.2012
7780.8203
7794.4482
7808.0674
7821.5215
7802.0972
7782.6855
7763.2734
7743.8496
7724.4375
7705.0259
7685.6133
7666.1899
7646.7773
7627.3657
7644.3613
7673.2075
7702.0532
7730.9170
7759.7627
7788.6089
7817.4546
7846.3188
7875.1821
7904.0278
7925.6050
7940.0024
7954.4004
7968.8071
7983.2051
7997.6025
8012.0010
8026.4072
8040.8057
8055.2031
8068.5117
8078.5752
8088.6392
8098.7090
8108.7734
8118.8374
8128.9014
8138.9717
8149.0352
8159.0991
8169.1880
8186.8691
8204.5498
8222.2529
8239.9336
8257.6143
8275.3066
8292.9873
8310.6680
8328.3486
8346.0400
8372.9980
8403.0117
8433.0449
8463.0586
8493.0732
8523.1055
8553.1201
8583.1338
8613.1484
8643.1807
8676.2119
8712.2461
8748.3018
8784.3359
8820.3691
8856.4248
8892.4590
8928.5146
8964.5479
9000.6045
9032.9346
9054.2100
9075.4990
9096.7744
9118.0488
9139.3379
9160.6133
9181.8887
9203.1641
9224.4531
9245.7285
9264.1016
9282.4873
9300.8594
9319.2334
9337.6182
9355.9922
9374.3652
9392.7383
9411.1230
9429.4971
9433.2471
9432.0957
9430.9463
9429.7969
9428.6465
9427.4980
9426.3477
9425.1992
9424.0488
9422.8994
9436.0039
9463.4482
9490.8770
9518.3057
9545.7510
9573.1797
9600.6074
9628.0371
9655.4824
9682.9102
9705.3320
9712.5605
9719.7832
9727.0059
9734.2344
9741.4570
9748.6807
9755.9082
9763.1357
9770.3594
9777.5830
9768.3711
9759.1250
9749.8779
9740.6270
9731.3799
9722.1328
9712.8867
9703.6348
9694.3877
9685.1416
9701.3311
9726.1348
9750.9395
9775.7578
9800.5625
9825.3672
9850.1699
9874.9902
9899.7930
9924.5977
9950.4033
9977.2100
10004.0000
10030.8076
10057.5977
10084.3887
10111.1787
10137.9863
10164.7764
10191.5674
10212.3066
10214.4287
10216.5498
10218.6729
10220.7949
10222.9160
10225.0371
10227.1602
10229.2822
10231.4033
10233.5264
10210.4551
10187.2568
10164.0439
10140.8457
10117.6475
10094.4346
10071.2217
10048.0234
10024.8252
10001.6123
9982.7695
9965.4189
9948.0576
9930.7070
9913.3574
9895.9961
9878.6465
9861.2959
9843.9453
9826.5840
9812.2119
9800.8906
9789.5625
9778.2422
9766.9219
9755.5938
9744.2734
9732.9531
9721.6318
9710.3037
9699.2900
9689.2539
9679.2119
9669.1758
9659.1406
9649.0996
9639.0635
9629.0273
9618.9922
9608.9502
9598.9141
9585.1611
9571.3711
9557.5898
9543.8086
9530.0186
9516.2373
9502.4561
9488.6748
9474.8848
9461.1035
9451.5107
9443.3730
9435.2393
9427.1064
9418.9688
9410.8301
9402.6973
9394.5645
9386.4258
9378.2930
9369.5410
9360.1387
9350.7441
9341.3496
9331.9473
9322.5527
9313.1582
9303.7627
9294.3613
9284.9668
9282.8076
9303.5371
9324.2539
9344.9707
9365.6992
9386.4160
9407.1328
9427.8496
9448.5801
9469.2969
9490.0264
9520.2002
9550.4502
9580.7012
9610.9697
9641.2207
9671.4707
9701.7217
9731.9912
9762.2412
9792.4912
9807.3145
9816.6807
9826.0469
9835.4199
9844.7871
9854.1523
9863.5195
9872.8916
9882.2588
9891.6260
9910.0332
9937.8867
9965.7402
9993.6113
10021.4824
10049.3379
10077.1904
10105.0625
10132.9160
10160.7695
10182.3086
10183.6035
10184.8984
10186.1934
10187.4883
10188.7832
10190.0781
10191.3730
10192.6680
10193.9629
10195.2578
10205.6631
10216.1836
10226.7100
10237.2305
10247.7500
10258.2705
10268.7979
10279.3184
10289.8447
10300.3721
10324.3203
10353.0557
10381.8086
10410.5449
10439.2793
10468.0332
10496.7695
10525.5049
10554.2393
10582.9941
10630.9766
10699.2988
10767.6641
10835.9863
10904.3086
10972.6738
11040.9961
11109.3184
11177.6406
11246.0059
11306.6875
11342.5400
11378.4141
11414.2891
11450.1406
11486.0156
11521.8672
11557.7197
11593.5713
11629.4463
11665.2979
11648.5049
11630.8984
11613.3018
11595.7070
11578.0996
11560.5039
11542.9072
11525.3115
11507.7041
11490.1084
11470.5762
11450.3291
11430.0957
11409.8613
11389.6152
11369.3818
11349.1475
11328.9014
11308.6553
11288.4199
11284.3926
11297.6680
11310.9355
11324.2031
11337.4785
11350.7461
11364.0137
11377.2803
11390.5566
11403.8232
11418.7324
11439.0684
11459.3896
11479.7119
11500.0469
11520.3691
11540.6914
11561.0137
11581.3486
11601.6699
11621.9922
11626.8633
11631.4434
11636.0293
11640.6133
11645.1943
11649.7764
11654.3574
11658.9414
11663.5234
11668.1055
11650.9619
11625.8672
11600.7725
11575.6621
11550.5674
11525.4727
11500.3789
11475.2676
11450.1738
11425.0791
11393.5313
11355.0586
11316.5859
11278.0898
11239.6172
11201.1445
11162.6719
11124.1514
11085.6787
11047.2061
11008.1650
10967.3320
10926.4971
10885.6387
10844.8047
10803.9717
10763.1377
10722.2783
10681.4453
10640.6113
10599.7520
10567.0996
10534.6152
10502.1094
10469.6230
10437.1387
10404.6533
10372.1475
10339.6621
10307.1777
10274.6719
10252.5879
10234.3604
10216.1328
10197.9160
10179.6992
10161.4824
10143.2539
10125.0371
10106.8203
10088.5928
10097.9287
10137.2676
10176.6318
10215.9717
10255.3105
10294.6748
10334.0137
10373.3535
10412.6924
10452.0557
10488.2813
10513.9443
10539.6240
10565.2881
10590.9531
10616.6328
10642.2969
10667.9766
10693.6406
10719.3203
10744.9834
10730.6914
10715.4688
10700.2549
10685.0410
10669.8164
10654.6035
10639.3896
10624.1758
10608.9521
10593.7383
10578.6914
10563.6973
10548.7129
10533.7285
10518.7344
10503.7500
10488.7646
10473.7803
10458.7861
10443.8008
10433.6846
10428.9404
10424.1992
10419.4570
10414.7129
10409.9707
10405.2285
10400.4873
10395.7422
10391.0010
10386.9072
10385.0410
10383.1748
10381.3096
10379.4434
10377.5771
10375.7119
10373.8467
10371.9795
10370.1143
10368.2490
10360.6211
10352.8467
10345.0723
10337.2930
10329.5186
10321.7393
10313.9648
10306.1855
10298.4111
10290.6367
10284.9297
10280.0166
10275.1035
10270.1865
10265.2725
10260.3594
10255.4453
10250.5293
10245.6152
10240.7012
10230.4766
10214.3594
10198.2402
10182.1123
10165.9941
10149.8770
10133.7588
10117.6299
10101.5117
10085.3936
10070.8740
10062.0039
10053.1328
10044.2568
10035.3857
10026.5156
10017.6445
10008.7676
9999.8975
9991.0264
9982.1504
9976.6143
9971.1729
9965.7275
9960.2861
9954.8438
9949.4023
9943.9570
9938.5156
9933.0742
9927.6289
9934.3330
9945.7256
9957.1250
9968.5176
9979.9180
9991.3105
10002.7100
10014.1025
10025.4951
10036.8945
10051.2168
10068.8262
10086.4473
10104.0566
10121.6660
10139.2861
10156.8955
10174.5059
10192.1152
10209.7354
10229.0723
10254.5215
10279.9883
10305.4375
10330.8877
10356.3535
10381.8047
10407.2539
10432.7041
10458.1699
10483.6357
10496.6465
10509.2803
10521.9063
10534.5313
10547.1641
10559.7900
10572.4160
10585.0410
10597.6748
10610.3008
10598.2344
10576.5059
10554.7900
10533.0752
10511.3457
10489.6309
10467.9170
10446.2012
10424.4727
10402.7578
10387.3896
10379.2285
10371.0723
10362.9160
10354.7500
10346.5938
10338.4375
10330.2813
10322.1211
10313.9648
10300.9707
10270.5801
10240.2070
10209.8359
10179.4453
10149.0723
10118.7012
10088.3291
10057.9375
10027.5664
9997.1943
9959.5254
9921.6328
9883.7383
9845.8223
9807.9277
9770.0352
9732.1406
9694.2236
9656.3066
9618.4131
9590.6504
9566.9150
9543.1807
9519.4307
9495.6963
9471.9619
9448.2275
9424.4775
9400.7432
9377.0078
9360.4385
9352.1035
9343.7695
9335.4287
9327.0947
9318.7598
9310.4248
9302.0859
9293.7500
9285.4160
9275.6191
9260.5176
9245.4160
9230.3047
9215.1934
9200.0918
9184.9893
9169.8789
9154.7764
9139.6748
9124.5635
9145.6699
9168.0918
9190.5273
9212.9492
9235.3711
9257.7930
9280.2275
9302.6494
9325.0713
9347.5068
9382.9727
9423.6621
9464.3770
9505.0664
9545.7559
9586.4453
9627.1602
9667.8750
9708.5645
9749.2793
9796.9609
9852.7266
9908.5283
9964.2949
10020.0605
10075.8613
10131.6279
10187.3945
10243.1602
10298.9619
10354.1543
10407.2266
10460.3301
10513.4004
10566.4717
10619.5752
10672.6465
10725.7168
10778.7871
10831.8916
10884.9619
10923.5693
10961.6260
10999.6836
11037.7168
11075.7734
11113.8057
11151.8389
11189.8721
11227.9287
11265.9609
11254.0928
11221.9717
11189.8711
11157.7695
11125.6484
11093.5469
11061.4453
11029.3438
10997.2227
10965.1211
10931.0596
10894.6807
10858.3232
10821.9668
10785.5869
10749.2305
10712.8730
10676.4932
10640.1143
10603.7568
10570.9570
10551.5020
10532.0586
10512.6152
10493.1592
10473.7168
10454.2734
10434.8301
10415.3740
10395.9316
10376.4883
10371.6035
10367.3389
10363.0752
10358.8086
10354.5439
10350.2793
10346.0156
10341.7490
10337.4844
10333.2197
10311.7100
10283.1064
10254.5215
10225.9189
10197.3340
10168.7490
10140.1641
10111.5605
10082.9756
10054.3916
10018.9707
9975.5225
9932.0732
9888.5977
9845.1484
9801.7002
9758.2520
9714.7754
9671.3271
9627.8779
9590.2832
9575.1377
9559.9922
9544.8369
9529.6914
9514.5459
9499.3906
9484.2354
9469.0898
9453.9434
9438.7891
9463.9473
9490.8975
9517.8652
9544.8154
9571.7656
9598.7158
9625.6826
9652.6328
9679.5830
9706.5508
9724.2002
9737.9873
9751.7832
9765.5703
9779.3574
9793.1455
9806.9414
9820.7285
9834.5156
9848.3115
9850.0596
9837.4404
9824.8125
9812.1924
9799.5723
9786.9531
9774.3252
9761.7051
9749.0850
9736.4570
9731.1660
9754.2500
9777.3496
9800.4336
9823.5186
9846.6172
9869.7012
9892.7861
9915.8701
9938.9697
9962.0537
9931.3779
9898.1084
9864.8594
9831.6104
9798.3408
9765.0713
9731.8223
9698.5732
9665.3037
9632.0537
9637.1699
9658.4297
9679.6738
9700.9199
9722.1797
9743.4258
9764.6709
9785.9160
9807.1758
9828.4209
9868.8438
9932.4570
9996.0303
10059.6035
10123.2168
10186.7900
10250.3633
10313.9375
10377.5498
10441.1230
10491.0381
10487.0498
10483.0645
10479.0781
10475.0898
10471.1035
10467.1191
10463.1328
10459.1445
10455.1582
10451.1729
10412.9814
10373.0859
10333.1904
10293.2695
10253.3730
10213.4785
10173.5820
10133.6611
10093.7656
10053.8691
10013.4922
9972.9453
9932.3975
9891.8252
9851.2529
9810.7051
9770.1582
9729.5859
9689.0391
9648.4922
9611.1973
9577.9150
9544.6328
9511.3301
9478.0479
9444.7656
9411.4834
9378.1807
9344.8984
9311.6152
9282.7988
9271.9189
9261.0391
9250.1523
9239.2734
9228.3945
9217.5146
9206.6279
9195.7480
9184.8613
9173.9756
9190.0430
9207.5303
9225.0293
9242.5166
9260.0039
9277.4922
9294.9902
9312.4775
9329.9648
9347.4639
9352.3691
9351.8555
9351.3418
9350.8271
9350.3145
9349.8008
9349.2861
9348.7734
9348.2588
9347.7451
9340.1572
9323.8555
9307.5430
9291.2402
9274.9268
9258.6250
9242.3125
9226.0098
9209.7070
9193.3936
9181.3047
9186.3086
9191.3154
9196.3193
9201.3223
9206.3262
9211.3330
9216.3369
9221.3408
9226.3467
9231.3506
9242.5547
9254.1143
9265.6660
9277.2188
9288.7773
9300.3301
9311.8828
9323.4414
9335.0010
9346.5527
9353.6895
9358.9043
9364.1152
9369.3271
9374.5430
9379.7539
9384.9648
9390.1768
9395.3916
9400.6045
9404.4531
9406.6074
9408.7598
9410.9131
9413.0674
9415.2207
9417.3740
9419.5273
9421.6807
9423.8340
9426.8828
9433.6367
9440.3867
9447.1416
9453.8965
9460.6465
9467.3975
9474.1475
9480.9023
9487.6523
9494.4033
9503.0146
9511.7295
9520.4443
9529.1650
9537.8809
9546.5957
9555.3105
9564.0313
9572.7471
9581.4619
9609.5908
9646.2734
9682.9551
9719.6602
9756.3418
9793.0234
9829.7051
9866.4336
9903.1162
9939.7969
9963.5313
9970.9785
9978.4248
9985.8760
9993.3223
10000.7695
10008.2158
10015.6670
10023.1143
10030.5605
10040.2510
10059.3184
10078.3848
10097.4629
10116.5303
10135.5977
10154.6641
10173.7422
10192.8086
10211.8760
10230.9551
10230.6729
10229.1943
10227.7158
10226.2383
10224.7607
10223.2832
10221.8057
10220.3271
10218.8496
10217.3711
10204.8887
10187.4961
10170.0918
10152.6982
10135.3047
10117.9121
10100.5078
10083.1152
10065.7217
10048.3174
10037.1172
10033.7813
10030.4434
10027.1074
10023.7725
10020.4365
10017.0986
10013.7607
10010.4248
10007.0869
9998.5791
9968.0566
9937.5146
9906.9922
9876.4688
9845.9463
9815.4043
9784.8818
9754.3584
9723.8174
9693.2949
9655.5713
9617.3594
9579.1709
9540.9834
9502.7715
9464.5830
9426.3945
9388.2061
9349.9941
9311.8057
9281.5762
9254.9141
9228.2852
9201.6572
9175.0117
9148.3848
9121.7559
9095.1270
9068.4824
9041.8545
9027.0801
9027.5117
9027.9434
9028.3760
9028.8076
9029.2393
9029.6719
9030.1035
9030.5352
9030.9678
9037.9873
9073.6533
9109.2969
9144.9395
9180.6055
9216.2480
9251.9141
9287.5576
9323.2227
9358.8662
9394.5098
9433.9893
9473.7012
9513.4131
9553.1504
9592.8613
9632.5742
9672.2852
9712.0225
9751.7334
9791.4453
9824.2813
9853.9395
9883.5977
9913.2744
9942.9336
9972.5918
10002.2500
10031.9268
10061.5850
10091.2441
10107.5508
10106.5117
10105.4736
10104.4355
10103.3965
10102.3594
10101.3203
10100.2822
10099.2441
10098.2051
10099.3584
10110.1475
10120.9375
10131.7334
10142.5234
10153.3125
10164.1025
10174.8984
10185.6885
10196.4785
10207.2744
10209.5742
10211.2764
10212.9795
10214.6816
10216.3848
10218.0879
10219.7910
10221.4941
10223.1963
10224.8994
10228.7764
10233.6582
10238.5430
10243.4248
10248.3066
10253.1885
10258.0732
10262.9551
10267.8369
10272.7207
10266.6914
10246.3760
10226.0469
10205.7305
10185.4141
10165.0986
10144.7695
10124.4541
10104.1377
10083.8086
10069.5537
10082.4766
10095.4072
10108.3301
10121.2520
10134.1748
10147.1055
10160.0283
10172.9512
10185.8818
10198.8047
10186.4570
10172.2500
10158.0527
10143.8555
10129.6494
10115.4512
10101.2539
10087.0566
10072.8506
10058.6533
10044.1543
10029.5059
10014.8652
10000.2256
9985.5684
9970.9277
9956.2881
9941.6484
9926.9990
9912.3594
9903.3418
9901.7598
9900.1797
9898.5986
9897.0166
9895.4355
9893.8555
9892.2744
9890.6924
9889.1113
9883.5254
9859.6299
9835.7490
9811.8682
9787.9727
9764.0918
9740.2109
9716.3301
9692.4346
9668.5381
9644.6582
9649.2168
9655.9365
9662.6553
9669.3789
9676.0977
9682.8164
9689.5352
9696.2598
9702.9785
9709.6973
9716.7109
9723.8574
9731.0039
9738.1543
9745.3008
9752.4482
9759.5947
9766.7461
9773.8926
9781.0391
9795.3164
9819.1113
9842.9072
9866.7178
9890.5273
9914.3232
9938.1182
9961.9287
9985.7236
10009.5186
10031.7158
10046.4316
10061.1475
10075.8730
10090.5879
10105.3047
10120.0195
10134.7461
10149.4609
10164.1768
10178.9023
10208.2129
10238.6748
10269.1572
10299.6201
10330.0830
10360.5459
10391.0273
10421.5098
10451.9727
10482.4551
10492.4385
10492.6279
10492.8174
10493.0068
10493.1953
10493.3848
10493.5742
10493.7637
10493.9531
10494.1416
10506.2061
10534.3008
10562.4121
10590.5068
10618.6016
10646.6953
10674.8076
10702.9023
10730.9961
10759.1084
10784.7236
10798.6172
10812.5195
10826.4209
10840.3145
10854.2070
10868.1094
10882.0020
10895.8955
10909.7979
10923.6914
10947.1631
10971.4336
10995.6895
11019.9453
11044.2012
11068.4727
11092.7285
11116.9844
11141.2559
11165.5117
11178.4766
11185.9678
11193.4561
11200.9434
11208.4346
11215.9219
11223.4102
11230.9014
11238.3936
11245.8809
11251.2891
11253.8623
11256.4336
11259.0049
11261.5781
11264.1494
11266.7207
11269.2920
11271.8652
11274.4365
11274.8525
11264.8906
11254.9355
11244.9805
11235.0186
11225.0635
11215.1074
11205.1533
11195.1914
11185.2363
11175.2813
11185.2197
11196.8604
11208.4932
11220.1328
11231.7676
11243.4004
11255.0332
11266.6738
11278.3066
11289.9404
11294.3945
11295.3242
11296.2549
11297.1855
11298.1172
11299.0469
11299.9775
11300.9082
11301.8389
11302.7695
11289.3711
11256.2285
11223.0859
11189.9238
11156.7813
11123.6387
11090.4756
11057.3125
11024.1699
10991.0273
10961.0420
10946.5684
10932.0957
10917.6133
10903.1396
10888.6660
10874.1934
10859.7109
10845.2373
10830.7646
10816.2813
10818.8896
10822.9980
10827.1094
10831.2178
10835.3262
10839.4355
10843.5459
10847.6543
10851.7627
10855.8740
10864.7021
10875.8799
10887.0586
10898.2305
10909.4014
10920.5723
10931.7500
10942.9219
10954.0928
10965.2715
10970.6885
10968.0977
10965.5039
10962.9121
10960.3203
10957.7285
10955.1348
10952.5430
10949.9512
10947.3574
10940.3555
10911.3633
10882.3535
10853.3613
10824.3691
10795.3594
10766.3496
10737.3574
10708.3652
10679.3564
10650.3643
10635.8457
10622.6318
10609.4277
10596.2227
10583.0176
10569.8047
10556.5996
10543.3945
10530.1816
10516.9766
10526.8193
10548.2441
10569.6543
10591.0645
10612.4746
10633.8984
10655.3086
10676.7188
10698.1426
10719.5527
10733.7441
10737.7520
10741.7578
10745.7627
10749.7695
10753.7754
10757.7803
10761.7861
10765.7930
10769.7988
10767.7813
10735.1738
10702.5859
10670.0000
10637.3926
10604.8047
10572.2188
10539.6309
10507.0234
10474.4365
10441.8486
10445.3193
10452.1914
10459.0635
10465.9404
10472.8164
10479.6895
10486.5625
10493.4395
10500.3115
10507.1846
10503.3730
10494.1484
10484.9238
10475.6934
10466.4688
10457.2441
10448.0195
10438.7891
10429.5645
10420.3398
10395.5732
10348.7295
10301.8867
10255.0146
10208.1719
10161.3281
10114.4854
10067.6133
10020.7705
9973.8984
9934.9414
9936.7480
9938.5547
9940.3633
9942.1699
9943.9766
9945.7832
9947.5918
9949.3984
9951.2051
9953.0137
9954.5850
9956.1328
9957.6826
9959.2314
9960.7793
9962.3281
9963.8779
9965.4258
9966.9756
9968.5244
9996.5400
10038.1406
10079.7666
10121.3662
10162.9922
10204.5928
10246.2188
10287.8184
10329.4189
10371.0449
10400.0156
10410.8506
10421.6934
10432.5283
10443.3643
10454.1992
10465.0410
10475.8770
10486.7129
10497.5547
10504.3262
10489.6924
10475.0508
10460.4170
10445.7842
10431.1504
10416.5088
10401.8750
10387.2422
10372.5908
10357.9580
10373.3838
10391.8193
10410.2441
10428.6689
10447.0938
10465.5313
10483.9551
10502.3809
10520.8164
10539.2422
10556.6895
10573.6396
10590.5801
10607.5195
10624.4600
10641.4102
10658.3506
10675.2900
10692.2402
10709.1807
10716.5596
10710.0264
10703.4961
10696.9629
10690.4287
10683.8984
10677.3691
10670.8398
10664.3057
10657.7764
10657.8828
10693.6299
10729.3535
10765.0771
10800.8232
10836.5469
10872.2715
10907.9951
10943.7402
10979.4648
11015.1885
11023.8633
11029.7324
11035.6025
11041.4756
11047.3447
11053.2139
11059.0830
11064.9600
11070.8291
11076.6982
11046.8076
10998.1943
10949.5820
10900.9395
10852.3262
10803.7139
10755.1016
10706.4590
10657.8457
10609.2324
10575.8994
10565.0391
10554.1797
10543.3125
10532.4531
10521.5938
10510.7334
10499.8672
10489.0068
10478.1475
10466.7090
10452.1543
10437.5898
10423.0254
10408.4707
10393.9160
10379.3604
10364.7969
10350.2412
10335.6865
10321.1221
10328.1748
10337.5156
10346.8613
10356.2021
10365.5430
10374.8828
10384.2295
10393.5703
10402.9102
10412.2568
10416.9941
10419.2891
10421.5859
10423.8799
10426.1738
10428.4688
10430.7656
10433.0615
10435.3555
10437.6523
10430.1641
10408.1855
10386.1924
10364.2139
10342.2344
10320.2549
10298.2617
10276.2832
10254.3027
10232.3105
10211.6514
10198.3477
10185.0361
10171.7334
10158.4307
10145.1270
10131.8164
10118.5137
10105.2100
10091.8984
10078.5957
10053.1553
10026.3496
9999.5771
9972.8047
9946.0322
9919.2441
9892.4707
9865.6992
9838.9102
9812.1377
9792.5117
9776.7100
9760.9189
9745.1270
9729.3359
9713.5352
9697.7432
9681.9512
9666.1504
9650.3594
9633.6396
9615.5176
9597.4063
9579.2949
9561.1719
9543.0605
9524.9385
9506.8262
9488.7041
9470.5928
9454.9717
9453.5117
9452.0527
9450.5938
9449.1338
9447.6738
9446.2148
9444.7559
9443.2959
9441.8369
9440.3779
9429.7686
9418.1357
9406.5029
9394.8633
9383.2305
9371.5967
9359.9639
9348.3242
9336.6914
9325.0586
9304.1514
9278.2070
9252.2793
9226.3359
9200.4082
9174.4805
9148.5527
9122.6094
9096.6816
9070.7529
9045.4717
9021.2070
8996.9414
8972.6621
8948.3975
8924.1328
8899.8682
8875.5879
8851.3232
8827.0586
8803.5928
8784.8623
8766.1328
8747.3906
8728.6611
8709.9199
8691.1895
8672.4473
8653.7178
8634.9883
8616.2461
8619.7803
8625.8779
8631.9795
8638.0771
8644.1738
8650.2715
8656.3730
8662.4707
8668.5684
8674.6689
8674.1025
8669.8809
8665.6563
8661.4346
8657.2129
8652.9912
8648.7666
8644.5449
8640.3232
8636.0986
8634.1348
8635.6279
8637.1211
8638.6143
8640.1074
8641.6006
8643.0938
8644.5879
8646.0801
8647.5742
8651.9756
8673.5879
8695.2139
8716.8262
8738.4395
8760.0518
8781.6777
8803.2900
8824.9023
8846.5293
8868.1416
8824.9111
8773.9307
8722.9814
8672.0322
8621.0508
8570.0703
8519.1211
8468.1719
8417.1904
8366.2412
8345.0068
8340.2451
8335.4863
8330.7285
8325.9688
8321.2070
8316.4492
8311.6904
8306.9287
8302.1699
8296.5264
8289.5078
8282.4941
8275.4805
8268.4658
8261.4473
8254.4336
8247.4199
8240.4014
8233.3828
8226.6719
8221.7891
8216.9092
8212.0283
8207.1455
8202.2656
8197.3857
8192.5059
8187.6221
8182.7417
8177.8618
8190.1772
8204.5830
8218.9893
8233.4043
8247.8115
8262.2168
8276.6230
8291.0391
8305.4453
8319.8516
8340.3232
8364.1807
8388.0391
8411.9111
8435.7832
8459.6416
8483.4990
8507.3711
8531.2295
8555.0869
8580.4697
8608.1943
8635.9180
8663.6602
8691.3838
8719.1084
8746.8320
8774.5742
8802.2988
8830.0225
8852.2070
8840.1025
8827.9980
8815.8867
8803.7822
8791.6777
8779.5742
8767.4629
8755.3584
8743.2461
8731.1348
8687.2715
8639.4531
8591.6045
8543.7852
8495.9668
8448.1484
8400.2998
8352.4814
8304.6621
8256.8135
8206.3975
8154.5078
8102.5864
8050.6978
7998.8086
7946.9199
7894.9985
7843.1094
7791.2207
7739.2988
7690.2378
7645.6484
7601.0322
7556.4150
7511.8262
7467.2373
7422.6201
7378.0313
7333.4424
7288.8252
7245.0029
7206.0063
7166.9858
7127.9893
7088.9932
7049.9961
7010.9756
6971.9790
6932.9834
6893.9619
6854.9658
6852.2441
6854.1860
6856.1260
6858.0669
6860.0078
6861.9492
6863.8901
6865.8320
6867.7734
6869.7144
6878.1201
6890.2368
6902.3467
6914.4561
6926.5654
6938.6826
6950.7920
6962.9014
6975.0186
6987.1274
6998.5693
7008.9507
7019.3252
7029.7002
7040.0752
7050.4561
7060.8306
7071.2051
7081.5869
7091.9614
7101.9766
7109.6680
7117.3594
7125.0459
7132.7329
7140.4243
7148.1113
7155.7979
7163.4893
7171.1763
7178.8633
7189.2847
7200.0596
7210.8340
7221.6152
7232.3896
7243.1641
7253.9390
7264.7202
7275.4946
7286.2695
7291.2427
7292.8467
7294.4512
7296.0557
7297.6592
7299.2637
7300.8682
7302.4736
7304.0771
7305.6812
7313.4204
7331.0410
7348.6621
7366.2939
7383.9141
7401.5352
7419.1563
7436.7881
7454.4087
7472.0298
7489.4312
7505.3037
7521.1768
7537.0601
7552.9336
7568.8066
7584.6797
7600.5625
7616.4355
7632.3086
7648.1919
7657.1709
7665.2246
7673.2778
7681.3262
7689.3750
7697.4233
7705.4766
7713.5254
7721.5742
7729.6274
7701.4126
7651.9722
7602.5005
7553.0596
7503.6191
7454.1787
7404.7070
7355.2666
7305.8262
7256.3545
7216.2754
7191.4814
7166.6724
7141.8779
7117.0840
7092.2900
7067.4648
7042.6709
7017.8765
6993.0664
6969.4175
6953.4614
6937.4951
6921.5391
6905.5830
6889.6270
6873.6611
6857.7051
6841.7490
6825.7832
6809.8271
6795.0430
6780.4121
6765.7905
6751.1694
6736.5479
6721.9170
6707.2949
6692.6738
6678.0430
6663.4214
6670.8101
6691.2485
6711.6738
6732.0996
6752.5254
6772.9639
6793.3892
6813.8145
6834.2529
6854.6787
6873.8667
6891.0234
6908.1699
6925.3159
6942.4624
6959.6191
6976.7656
6993.9116
7011.0688
7028.2153
7042.0972
7033.4165
7024.7412
7016.0664
7007.3911
6998.7051
6990.0303
6981.3545
6972.6743
6963.9990
6955.3237
6947.9199
6940.7002
6933.4814
6926.2573
6919.0381
6911.8184
6904.5996
6897.3755
6890.1567
6882.9370
6887.0864
6898.0410
6908.9961
6919.9580
6930.9121
6941.8672
6952.8223
6963.7837
6974.7388
6985.7002
6997.6519
7011.2422
7024.8330
7038.4316
7052.0225
7065.6123
7079.2031
7092.8018
7106.3926
7119.9829
7133.7954
7149.1011
7164.4067
7179.7222
7195.0278
7210.3335
7225.6392
7240.9541
7256.2598
7271.5654
7286.8804
7288.8804
7288.9546
7289.0293
7289.1035
7289.1777
7289.2520
7289.3262
7289.4004
7289.4746
7289.5488
7295.5542
7305.1436
7314.7383
7324.3276
7333.9170
7343.5068
7353.1016
7362.6909
7372.2803
7381.8760
7384.5771
7375.6670
7366.7520
7357.8423
7348.9326
7340.0229
7331.1079
7322.1982
7313.2881
7304.3672
7290.5107
7241.0586
7191.5762
7142.1245
7092.6729
7043.2212
6993.7383
6944.2871
6894.8350
6845.3525
6795.9009
6787.9551
6786.1509
6784.3477
6782.5444
6780.7412
6778.9370
6777.1338
6775.3311
6773.5264
6771.7231
6765.9785
6757.8140
6749.6543
6741.4902
6733.3306
6725.1660
6717.0068
6708.8472
6700.6826
6692.5234
6682.9585
6670.9917
6659.0327
6647.0737
6635.1143
6623.1475
6611.1885
6599.2295
6587.2627
6575.3032
6562.9995
6548.1289
6533.2681
6518.4072
6503.5464
6488.6763
6473.8154
6458.9541
6444.0845
6429.2144
6414.3530
6408.0718
6403.0918
6398.1118
6393.1289
6388.1484
6383.1689
6378.1885
6373.2056
6368.2256
6363.2461
6369.3394
6382.2749
6395.2104
6408.1538
6421.0894
6434.0249
6446.9604
6459.9038
6472.8394
6485.7749
6504.5879
6533.5020
6562.4346
6591.3672
6620.2813
6649.1958
6678.1104
6707.0425
6735.9570
6764.8711
6788.2612
6769.8125
6751.3638
6732.9033
6714.4551
6696.0063
6677.5576
6659.0977
6640.6489
6622.2002
6603.7402
6599.1084
6596.6143
6594.1172
6591.6221
6589.1279
6586.6328
6584.1367
6581.6401
6579.1450
6576.6484
6600.4941
6640.7759
6681.0830
6721.3643
6761.6465
6801.9277
6842.2349
6882.5166
6922.7983
6963.1055
7004.4941
7047.8115
7091.1563
7134.4736
7177.7900
7221.1074
7264.4521
7307.7690
7351.0864
7394.4307
7438.7124
7490.5015
7542.3545
7594.1431
7645.9316
7697.7202
7749.5410
7801.3301
7853.1182
7904.9390
7956.7275
8003.3525
8049.1904
8094.9990
8140.8086
8186.6172
8232.4551
8278.2646
8324.0732
8369.9111
8415.7207
8437.0850
8442.9971
8448.9053
8454.8135
8460.7217
8466.6338
8472.5459
8478.4551
8484.3672
8490.2754
8479.3379
8438.7275
8398.1426
8357.5576
8316.9727
8276.3623
8235.7773
8195.1924
8154.5825
8113.9976
8075.7759
8056.3965
8037.0298
8017.6631
7998.2959
7978.9170
7959.5498
7940.1826
7920.8037
7901.4365
7882.0698
7869.8965
7858.8901
7847.8916
7836.8926
7825.8867
7814.8877
7803.8887
7792.8833
7781.8838
7770.8853
7779.3228
7800.1592
7820.9951
7841.8442
7862.6802
7883.5166
7904.3525
7925.2012
7946.0371
7966.8730
7990.3945
8018.6567
8046.9189
8075.1992
8103.4619
8131.7241
8160.0039
8188.2842
8216.5469
8244.8096
8268.8174
8258.0762
8247.3340
8236.5850
8225.8438
8215.1016
8204.3594
8193.6113
8182.8687
8172.1265
8161.3779
8151.4971
8141.7583
8132.0137
8122.2744
8112.5356
8102.7969
8093.0518
8083.3125
8073.5742
8063.8291
8082.7656
8120.1807
8157.6191
8195.0342
8232.4492
8269.8643
8307.3027
8344.7178
8382.1328
8419.5713
8452.6865
8478.0684
8503.4668
8528.8496
8554.2314
8579.6133
8605.0117
8630.3945
8655.7764
8681.1748
8700.9492
8673.6201
8646.2725
8618.9434
8591.6143
8564.2676
8536.9209
8509.5918
8482.2617
8454.9150
8427.5859
8407.7266
8389.1113
8370.5068
8351.9033
8333.2998
8314.6846
8296.0801
8277.4775
8258.8623
8240.2578
8220.9063
8201.0527
8181.2119
8161.3711
8141.5308
8121.6777
8101.8369
8081.9961
8062.1431
8042.2900
8024.3906
8010.0107
7995.6406
7981.2705
7966.8994
7952.5200
7938.1494
7923.7793
7909.3999
7895.0298
7881.4443
7874.6299
7867.8193
7861.0098
7854.1992
7847.3843
7840.5742
7833.7637
7826.9492
7820.1392
7813.3286
7792.0381
7768.2686
7744.4995
7720.7148
7696.9307
7673.1611
7649.3911
7625.6069
7601.8374
7578.0679
7561.3638
7549.3311
7537.2974
7525.2646
7513.2236
7501.1914
7489.1582
7477.1172
7465.0845
7453.0518
7438.9834
7421.1953
7403.4072
7385.6079
7367.8203
7350.0322
7332.2437
7314.4443
7296.6567
7278.8574
7260.9561
7242.1650
7223.3745
7204.5728
7185.7822
7166.9912
7148.2012
7129.3984
7110.6084
7091.8174
7073.0151
7057.8535
7043.3271
7028.7915
7014.2646
6999.7383
6985.2114
6970.6758
6956.1489
6941.6226
6927.0869
6922.6924
6925.0493
6927.4072
6929.7656
6932.1226
6934.4795
6936.8374
6939.1943
6941.5513
6943.9097
6953.0049
6974.6250
6996.2583
7017.8784
7039.4985
7061.1182
7082.7520
7104.3721
7125.9922
7147.6260
7172.3574
7225.4473
7278.5708
7331.6611
7384.7520
7437.8418
7490.9653
7544.0552
7597.1787
7650.3022
7703.3926
7742.3887
7778.8926
7815.3730
7851.8535
7888.3340
7924.8374
7961.3184
7997.7988
8034.3022
8070.7827
8062.8071
8024.8755
7986.9673
7949.0596
7911.1514
7873.2197
7835.3115
7797.4033
7759.4722
7721.5640
7673.5225
7606.3428
7539.1636
7472.0259
7404.8887
7337.7090
7270.5718
7203.4346
7136.2549
7069.1177
7004.0967
6958.8940
6913.7197
6868.5459
6823.3721
6778.1689
6732.9951
6687.8203
6642.6187
6597.4443
6552.2700
6534.5645
6521.8906
6509.2173
6496.5435
6483.8613
6471.1875
6458.5059
6445.8242
6433.1504
6420.4766
6408.6626
6397.4453
6386.2275
6375.0098
6363.7852
6352.5684
6341.3506
6330.1265
6318.9082
6307.6909
6297.0479
6287.5176
6277.9863
6268.4492
6258.9189
6249.3882
6239.8574
6230.3208
6220.7896
6211.2588
6201.1895
6185.9839
6170.7686
6155.5537
6140.3481
6125.1426
6109.9375
6094.7222
6079.5166
6064.3110
6049.0962
6047.5547
6048.5469
6049.5405
6050.5332
6051.5254
6052.5186
6053.5117
6054.5044
6055.4966
6056.4902
6065.2349
6079.3086
6093.3916
6107.4648
6121.5391
6135.6123
6149.7041
6163.7778
6177.8516
6191.9346
6209.4580
6233.6108
6257.7783
6281.9307
6306.0840
6330.2363
6354.4043
6378.5571
6402.7095
6426.8774
6449.9883
6462.7422
6475.5029
6488.2563
6501.0098
6513.7627
6526.5239
6539.2773
6552.0303
6564.7920
6577.5449
6607.5645
6640.8574
6674.1299
6707.4028
6740.6748
6773.9688
6807.2412
6840.5137
6873.8071
6907.0796
6921.8862
6923.8682
6925.8486
6927.8291
6929.8096
6931.7910
6933.7715
6935.7520
6937.7339
6939.7144
6930.3193
6898.7407
6867.1821
6835.6235
6804.0649
6772.4868
6740.9082
6709.3496
6677.7715
6646.2129
6616.5122
6605.8599
6595.2139
6584.5679
6573.9219
6563.2695
6552.6230
6541.9775
6531.3247
6520.6787
6510.0327
6525.1470
6545.2290
6565.3110
6585.3931
6605.4873
6625.5698
6645.6519
6665.7461
6685.8286
6705.9229
6714.0732
6713.8496
6713.6255
6713.4023
6713.1777
6712.9546
6712.7305
6712.5068
6712.2832
6712.0596
6718.3892
6737.5947
6756.7998
6776.0176
6795.2227
6814.4287
6833.6338
6852.8511
6872.0566
6891.2627
6904.6055
6855.7866
6806.9678
6758.1177
6709.2988
6660.4492
6611.6304
6562.7803
6513.9619
6465.1426
6416.2935
6387.7046
6363.0830
6338.4463
6313.8252
6289.2036
6264.5825
6239.9458
6215.3242
6190.7031
6166.0664
6163.0210
6175.2754
6187.5371
6199.7910
6212.0459
6224.2998
6236.5615
6248.8159
6261.0703
6273.3398
6276.4731
6261.4849
6246.4868
6231.4985
6216.5103
6201.5220
6186.5244
6171.5361
6156.5479
6141.5498
6129.6328
6151.2681
6172.9175
6194.5532
6216.1885
6237.8242
6259.4736
6281.1089
6302.7446
6324.3940
6346.0298
6357.0737
6365.9990
6374.9180
6383.8428
6392.7627
6401.6875
6410.6069
6419.5264
6428.4512
6437.3711
6442.9268
6446.0747
6449.2212
6452.3672
6455.5137
6458.6616
6461.8076
6464.9541
6468.1025
6471.2485
6472.7764
6471.0420
6469.3101
6467.5771
6465.8442
6464.1104
6462.3774
6460.6445
6458.9106
6457.1768
6456.9297
6473.4673
6489.9946
6506.5220
6523.0488
6539.5869
6556.1143
6572.6416
6589.1792
6605.7065
6622.2339
6616.9014
6607.1118
6597.3223
6587.5327
6577.7373
6567.9473
6558.1582
6548.3623
6538.5728
6528.7832
6510.5898
6486.3242
6462.0586
6437.7773
6413.4966
6389.2310
6364.9653
6340.6846
6316.4189
6292.1528
6270.0034
6252.1997
6234.3965
6216.5928
6198.7783
6180.9746
6163.1709
6145.3564
6127.5532
6109.7495
6093.4585
6094.9751
6096.4922
6098.0098
6099.5264
6101.0430
6102.5596
6104.0771
6105.5957
6107.1118
6108.6299
6086.7529
6060.0352
6033.3008
6006.5830
5979.8652
5953.1470
5926.4126
5899.6943
5872.9771
5846.2427
5836.4097
5838.9253
5841.4424
5843.9585
5846.4736
5848.9893
5851.5068
5854.0225
5856.5386
5859.0557
5866.7754
5885.2217
5903.6807
5922.1392
5940.5859
5959.0322
5977.4912
5995.9375
6014.3848
6032.8428
6052.5186
6087.0659
6121.6338
6156.1816
6190.7285
6225.2749
6259.8438
6294.3901
6328.9375
6363.5059
6398.0532
6422.5713
6444.9824
6467.3794
6489.7764
6512.1738
6534.5850
6556.9961
6579.3936
6601.8047
6624.2017
6621.0972
6599.1372
6577.1914
6555.2451
6533.2988
6511.3389
6489.3931
6467.4468
6445.4868
6423.5405
6393.1226
6345.0103
6296.9277
6248.8457
6200.7637
6152.6514
6104.5693
6056.4868
6008.3745
5960.2920
5915.6284
5914.2373
5912.8462
5911.4561
5910.0654
5908.6743
5907.2842
5905.8936
5904.5024
5903.1123
5901.7217
5878.9604
5851.6206
5824.2808
5796.9404
5769.5835
5742.2441
5714.9038
5687.5469
5660.2070
5632.8667
5609.4541
5589.0029
5568.5508
5548.0996
5527.6348
5507.1836
5486.7188
5466.2549
5445.8027
5425.3516
5415.5342
5428.1206
5440.7070
5453.2930
5465.8872
5478.4736
5491.0601
5503.6543
5516.2402
5528.8267
5540.0977
5534.1309
5528.1650
5522.1982
5516.2285
5510.2622
5504.2959
5498.3262
5492.3599
5486.3936
5480.4233
5488.8550
5500.4297
5512.0117
5523.5864
5535.1611
5546.7354
5558.3174
5569.8926
5581.4668
5593.0488
5610.8091
5633.2334
5655.6719
5678.0967
5700.5215
5722.9458
5745.3843
5767.8091
5790.2339
5812.6719
5836.9492
5865.1782
5893.4243
5921.6538
5949.8828
5978.1289
6006.3760
6034.6045
6062.8335
6091.0801
6113.1235
6051.4995
5989.8369
5928.2129
5866.5889
5804.9648
5743.3027
5681.6782
5620.0547
5558.3916
5496.7676
5460.1538
5429.0884
5398.0430
5366.9976
5335.9521
5304.8867
5273.8413
5242.7959
5211.7305
5180.6660
5149.7217
5118.8359
5087.9688
5057.1021
5026.2354
4995.3496
4964.4824
4933.6157
4902.7295
4871.8628
4862.3462
4898.9282
4935.4873
4972.0464
5008.6055
5045.1875
5081.7471
5118.3057
5154.8877
5191.4473
5227.0137
5248.4805
5269.9341
5291.3872
5312.8545
5334.3213
5355.7744
5377.2275
5398.6948
5420.1484
5441.6016
5444.3701
5442.9102
5441.4502
5439.9897
5438.5283
5437.0684
5435.6084
5434.1475
5432.6870
5431.2271
5421.4927
5405.3931
5389.2925
5373.1924
5357.0820
5340.9819
5324.8818
5308.7715
5292.6709
5276.5610
5258.5996
5236.6167
5214.6343
5192.6514
5170.6553
5148.6729
5126.6899
5104.6938
5082.7114
5060.7290
5038.9556
5020.4678
5001.9805
4983.4927
4964.9937
4946.5059
4928.0181
4909.5186
4891.0313
4872.5435
4854.0439
4829.3198
4803.1606
4776.9844
4750.8086
4724.6489
4698.4893
4672.3135
4646.1538
4619.9941
4593.8184
4572.9419
4556.1729
4539.3936
4522.6240
4505.8550
4489.0859
4472.3066
4455.5381
4438.7686
4421.9897
4401.5767
4373.1157
4344.6367
4316.1758
4287.7148
4259.2539
4230.7749
4202.3140
4173.8350
4145.3564
4117.8403
4104.7900
4091.7314
4078.6812
4065.6309
4052.5806
4039.5225
4026.4717
4013.4214
4000.3633
3987.3127
3968.9255
3949.2769
3929.6409
3910.0049
3890.3687
3870.7197
3851.0840
3831.4478
3811.7993
3792.1631
3775.9780
3762.5024
3749.0352
3735.5596
3722.0923
3708.6167
3695.1494
3681.6821
3668.2065
3654.7390
3646.4983
3649.9399
3653.3796
3656.8188
3660.2583
3663.7002
3667.1396
3670.5791
3674.0208
3677.4604
3680.3916
3675.0930
3669.7976
3664.5024
3659.2070
3653.9087
3648.6135
3643.3149
3638.0166
3632.7212
3627.4260
3634.0752
3643.5574
3653.0393
3662.5215
3672.0098
3681.4917
3690.9741
3700.4622
3709.9443
3719.4263
3736.1331
3758.5620
3780.9907
3803.4194
3825.8621
3848.2910
3870.7197
3893.1626
3915.5913
3938.0200
3966.7798
4009.8091
4052.8657
4095.8950
4138.9517
4181.9814
4225.0107
4268.0674
4311.0967
4354.1265
4396.5010
4427.4282
4458.3550
4489.2822
4520.2285
4551.1553
4582.0825
4613.0288
4643.9561
4674.8828
4705.8291
4723.4131
4737.7729
4752.1416
4766.5010
4780.8608
4795.2207
4809.5981
4823.9580
4838.3174
4852.6865
4858.0469
4856.1938
4854.3394
4852.4863
4850.6338
4848.7803
4846.9263
4845.0732
4843.2202
4841.3657
4835.7251
4821.4185
4807.1021
4792.7954
4778.4883
4764.1812
4749.8652
4735.5581
4721.2510
4706.9346
4691.7080
4660.0908
4628.4736
4596.8765
4565.2793
4533.6816
4502.0649
4470.4678
4438.8701
4407.2529
4375.6558
4351.8594
4329.9644
4308.0830
4286.2012
4264.3203
4242.4253
4220.5439
4198.6626
4176.7676
4154.8862
4117.8384
4068.4480
4019.0884
3969.7285
3920.3691
3870.9785
3821.5881
3772.2285
3722.8379
3673.4783
3631.0288
3604.5625
3578.1123
3551.6626
3525.2126
3498.7461
3472.2964
3445.8462
3419.3799
3392.9299
3367.9512
3370.5215
3373.0906
3375.6592
3378.2283
3380.7988
3383.3677
3385.9368
3388.5073
3391.0762
3393.6450
3389.4377
3383.5430
3377.6487
3371.7539
3365.8555
3359.9609
3354.0664
3348.1680
3342.2732
3336.3787
3323.4370
3304.7383
3286.0393
3267.3406
3248.6299
3229.9312
3211.2324
3192.5215
3173.8228
3155.1240
3130.0764
3090.1926
3050.3088
3010.4248
2970.5161
2930.6074
2890.7236
2850.8149
2810.9312
2771.0471
2733.3462
2738.6924
2744.0386
2749.3848
2754.7344
2760.0806
2765.4268
2770.7761
2776.1223
2781.4688
2786.8181
2805.2288
2826.9495
2848.6699
2870.4043
2892.1248
2913.8452
2935.5796
2957.3003
2979.0208
3000.7549
3024.3955
3049.5981
3074.8164
3100.0190
3125.2214
3150.4241
3175.6423
3200.8450
3226.0474
3251.2656
3264.2988
3248.4749
3232.6406
3216.8164
3200.9924
3185.1680
3169.3340
3153.5100
3137.6858
3121.8516
3105.6360
3081.2373
3056.8232
3032.4250
3008.0112
2983.6125
2959.1987
2934.8003
2910.4016
2885.9878
2861.5891
2829.8718
2796.2507
2762.6506
2729.0505
2695.4502
2661.8291
2628.2290
2594.6289
2561.0078
2527.4077
2503.3062
2487.1433
2470.9907
2454.8379
2438.6851
2422.5222
2406.3696
2390.2168
2374.0537
2357.8909
2339.9282
2317.6067
2295.2991
2272.9917
2250.6843
2228.3628
2206.0554
2183.7480
2161.4265
2139.1191
2117.6577
2114.9429
2112.2295
2109.5161
2106.8027
2104.0876
2101.3743
2098.6611
2095.9458
2093.2327
2090.5193
2073.6023
2052.9768
2032.3511
2011.7126
1991.0741
1970.4485
1949.8230
1929.1846
1908.5590
1887.9333
1872.3263
1860.9741
1849.6218
1838.2697
1826.9104
1815.5582
1804.2061
1792.8467
1781.4946
1770.1425
1751.8809
1716.8593
1681.8379
1646.8164
1611.7729
1576.7515
1541.7300
1506.6865
1471.6431
1436.6216
1402.5433
1390.8932
1379.2429
1367.5928
1355.9353
1344.2850
1332.6348
1320.9773
1309.3271
1297.6770
1286.0195
1274.7429
1263.5657
1252.3882
1241.2040
1230.0266
1218.8491
1207.6648
1196.4875
1185.3102
1174.1257
1157.1566
1135.2419
1113.3136
1091.3853
1069.4707
1047.5562
1025.6277
1003.7131
981.7985
959.8702
943.5283
940.8892
938.2484
935.6091
932.9700
930.3308
927.6900
925.0508
922.4116
919.7708
917.1832
915.8964
914.6088
913.3220
912.0351
910.7483
909.4607
908.1730
906.8862
905.5986
904.3118
897.7998
889.8760
881.9571
874.0382
866.1194
858.1956
850.2767
842.3578
834.4340
826.5151
817.5043
807.5453
797.5927
787.6400
777.6873
767.7283
757.7756
747.8229
737.8640
727.9114
721.1935
722.5533
723.9131
725.2721
726.6310
727.9908
729.3497
730.7087
732.0685
733.4274
735.4452
755.2881
775.1185
794.9490
814.7795
834.6224
854.4529
874.2834
894.1262
913.9567
933.7872
939.0208
940.2490
941.4773
942.7057
943.9347
945.1631
946.3921
947.6212
948.8495
950.0778
950.9163
951.4144
951.9126
952.4108
952.9093
953.4075
953.9057
954.4042
954.9024
955.4006
953.9664
947.6620
941.3576
935.0532
928.7449
922.4404
916.1360
909.8276
903.5232
897.2188
890.2913
865.3054
840.3351
815.3649
790.3789
765.4086
740.4383
715.4524
690.4821
665.5117
640.5258
619.9802
600.6620
581.3437
562.0134
542.6951
523.3768
504.0464
484.7281
465.4099
446.0795
438.0999
440.0983
442.0967
444.0964
446.0948
448.0945
450.0942
452.0926
454.0910
456.0907
457.5149
457.4742
457.4334
457.3927
457.3520
457.3113
457.2705
457.2298
457.1891
457.1484
456.7307
444.3958
432.0533
419.7185
407.3836
395.0488
382.7062
370.3714
358.0366
345.6940
333.3592
314.3587
293.4787
272.6119
251.7450
230.8781
209.9982
189.1314
168.2645
147.3846
126.5177
110.6722
99.2831
87.9010
